"","CH-ET_LTAzI-2","CH-ET_LTAzI-11","CH-ET_LTAzI-6","CH-ET_LTAzI-3","CH-ET_LTAzI-7/8/9/17/19/20","CH-ET_LTAzI-1","CH-ET_LTAzI-12","CH-ET_LTAzI-4","CH-ET_LTAzI-13","CH-ET_LTAzI-10","CH-ET_LTAzI-14","CH-ET_LTAzI-15","CH-ET_LTAzI-16","CH-ET_LTAzI-18","CH-ET_LTAzI-5","CH-ET_LTAzI-22","CH-ET_LTAzI-21","IX-ET_LTAzI-12","IX-ET_LTAzI-1","IX-ET_LTAzI-3","IX-ET_LTAzI-11","IX-ET_LTAzI-5","IX-ET_LTAzI-7","IX-ET_LTAzI-8","IX-ET_LTAzI-9","IX-ET_LTAzI-10","IX-ET_LTAzI-4","IX-ET_LTAzI-6","TX-ET_LTAzI-1","TX-ET_LTAzI-4","TX-ET_LTAzI-3","TX-ET_LTAzI-2","IX-ET_LTAzI-2/5/6TX-ET_LTAzI-2/5/6","XO-ET_LTAzI-2","XO-ET_LTAzI-1"
"CH-ET_LTAzI-2",0,0.587246314647889,2.88786920799737,0.742730804868613,2.66250759754091,3.0210274428896,1.21061671192143,2.34464244642907,1.47457786518928,1.09118801901469,3.32751400745278,3.39933224675275,3.62291726980273,2.25014813476832,3.72570926822309,4.67515304815392,4.38820529997933,2.70808715448634,4.30270089624772,5.16903369716342,4.47671755397575,5.76029748907181,6.02682677329361,6.1697237781107,5.77256159345913,7.26019790043103,4.57525591219168,5.84697696260384,3.47185539495832,4.56641317958431,5.34988374723705,4.76309406824471,4.936972282706,6.18806135089068,5.65209551178963
"CH-ET_LTAzI-11",0.587246314647889,0,2.98644050123186,0.155484490220724,2.62498018573612,3.60827375753749,0.62337039727354,1.75739613178119,2.06182417983717,1.67843433366258,2.74026769280489,2.81208593210486,3.03567095515484,2.21262072296353,3.1384629535752,4.63762563634913,4.35067788817454,3.29533346913423,4.88994721089561,5.75628001181131,5.06396386862365,6.3475438037197,6.6140730879415,6.75697009275859,6.35980790810702,7.84744421507892,5.16250222683957,6.43422327725173,4.0591017096062,5.1536594942322,5.93713006188494,5.3503403828926,5.52421859735389,6.17830686023815,5.6423410211371
"CH-ET_LTAzI-6",2.88786920799737,2.98644050123186,0,2.83095601101114,0.361460315495742,0.741159339720525,2.36307010395832,3.49709583846597,1.4132913428081,1.79668118898269,4.47996739948967,4.55178563878964,4.77537066183962,0.77381977826833,4.87816266025998,2.37410576610875,2.08715801793416,3.41358032445435,2.02283279307864,2.88916559399435,2.19684945080668,3.48042938590274,3.74695867012453,3.88985567494162,3.49269349029005,4.98032979726196,2.2953878090226,3.56710885943477,4.17734856492632,3.35627234780337,4.13974291545611,4.17087882118313,2.98571324468168,3.9081932477216,3.37222740862055
"CH-ET_LTAzI-3",0.742730804868613,0.155484490220724,2.83095601101114,0,2.4694956955154,3.57211535073166,0.467885907052817,1.60191164156046,2.21730867005789,1.8339188238833,2.58478320258417,2.65660144188413,2.88018646493412,2.05713623274281,2.98297846335448,4.4821411461284,4.19519339795382,3.45081795935496,4.85378880408978,5.72012160500549,5.02780546181782,6.31138539691388,6.57791468113567,6.72081168595276,6.32364950130119,7.81128580827309,5.12634382003374,6.3980648704459,4.21458619982693,5.30914398445292,6.09261455210566,5.50582487311332,5.67970308757461,6.02282237001742,5.48685653091637
"CH-ET_LTAzI-7/8/9/17/19/20",2.66250759754091,2.62498018573612,0.361460315495742,2.4694956955154,0,1.10261965521627,2.00160978846258,3.13563552297023,1.77475165830384,2.15814150447843,4.11850708399393,4.1903253232939,4.41391034634388,0.412359462772589,4.51670234476424,2.01264545061301,1.72569770243842,3.77504063995009,2.38429310857438,3.25062590949009,2.55830976630242,3.84188970139848,4.10841898562028,4.25131599043736,3.8541538057858,5.3417901127577,2.65684812451835,3.92856917493051,4.53880888042206,3.71773266329911,4.50120323095185,4.53233913667888,3.34717356017743,3.55332667450202,3.01736083540097
"CH-ET_LTAzI-1",3.0210274428896,3.60827375753749,0.741159339720525,3.57211535073166,1.10261965521627,0,3.10422944367885,4.23825517818649,1.54644957770032,1.92983942387492,5.2211267392102,5.29294497851016,5.51653000156015,1.51497911798886,5.61932199998051,1.70549201939333,1.99243976756792,2.69764890266869,1.28167345335812,2.14800625427382,1.45569011108615,2.73927004618221,3.00579933040401,3.14869633522109,2.75153415056953,4.23917045754143,1.55422846930208,2.82594951971424,3.46141714314066,2.61511300808284,3.39858357573558,3.42971948146261,2.24455390496116,3.16703390800108,2.63106806890003
"CH-ET_LTAzI-12",1.21061671192143,0.62337039727354,2.36307010395832,0.467885907052817,2.00160978846258,3.10422944367885,0,1.13402573450764,2.68519457711071,2.30180473093612,2.11689729553135,2.18871553483132,2.4123005578813,1.58925032568999,2.51509255630166,4.01425523907559,3.727307490901,3.91870386640777,4.38590289703696,5.25223569795267,4.559919554765,5.84349948986106,6.11002877408286,6.25292577889994,5.85576359424838,7.34339990122028,4.65845791298093,5.93017896339309,4.68247210687975,5.71934245176169,6.50281301941443,5.97371078016614,5.34878334864001,5.5549364629646,5.01897062386355
"CH-ET_LTAzI-4",2.34464244642907,1.75739613178118,3.49709583846597,1.60191164156046,3.13563552297023,4.23825517818649,1.13402573450764,0,3.81922031161835,3.43583046544376,0.982871561023706,1.05468980032367,1.27827482337366,2.72327606019764,1.38106682179402,5.14828097358323,4.86133322540864,5.05272960091542,5.51992863154461,6.38626143246031,5.69394528927264,6.9775252243687,7.2440545085905,7.38695151340759,6.98978932875602,8.47742563572792,5.79248364748857,7.06420469790073,5.81649784138739,6.85336818626934,7.63683875392207,7.10773651467378,6.48280908314765,6.68896219747225,6.1529963583712
"CH-ET_LTAzI-13",1.47457786518928,2.06182417983717,1.4132913428081,2.21730867005789,1.77475165830384,1.54644957770032,2.68519457711071,3.81922031161835,0,0.383389846174592,4.80209187264206,4.87391011194202,5.09749513499201,2.18711112107643,5.20028713341237,3.25194159709366,3.50044936074226,2.00028898164625,2.82812303105844,3.69445583197415,3.00213968878648,4.28571962388254,4.55224890810433,4.69514591292142,4.29798372826985,5.78562003524176,3.1006780470024,4.37239909741457,2.76405722211822,3.85861500674422,4.64208557439695,4.05529589540461,3.79100348266148,4.7134834857014,4.17751764660035
"CH-ET_LTAzI-10",1.09118801901469,1.67843433366258,1.79668118898269,1.8339188238833,2.15814150447843,1.92983942387492,2.30180473093612,3.43583046544376,0.383389846174592,0,4.41870202646747,4.49052026576743,4.71410528881742,2.57050096725102,4.81689728723778,3.63533144326825,3.88383920691685,1.61689913547166,3.21151287723303,4.07784567814874,3.38552953496107,4.66910947005713,4.93563875427892,5.07853575909601,4.68137357444444,6.16900988141635,3.48406789317699,4.75578894358916,2.38066737594363,3.47522516056963,4.25869572822236,3.67190604923002,3.84578426369131,5.09687333187599,4.56090749277494
"CH-ET_LTAzI-14",3.32751400745278,2.74026769280489,4.47996739948967,2.58478320258417,4.11850708399393,5.2211267392102,2.11689729553135,0.982871561023706,4.80209187264206,4.41870202646747,0,0.0718182392999678,0.29540326234995,3.70614762122134,0.39819526077031,6.13115253460694,5.84420478643235,6.03560116193912,6.50280019256831,7.36913299348402,6.67681685029635,7.96039678539241,8.22692606961421,8.36982307443129,7.97266088977973,9.46029719675163,6.77535520851228,8.04707625892444,6.7993694024111,7.83623974729304,8.61971031494578,8.09060807569749,7.46568064417136,7.67183375849595,7.1358679193949
"CH-ET_LTAzI-15",3.39933224675275,2.81208593210486,4.55178563878964,2.65660144188413,4.1903253232939,5.29294497851016,2.18871553483132,1.05468980032367,4.87391011194202,4.49052026576743,0.0718182392999678,0,0.223585023049983,3.77796586052131,0.326377021470342,6.2029707739069,5.91602302573232,6.10741940123909,6.57461843186828,7.44095123278399,6.74863508959632,8.03221502469238,8.29874430891417,8.44164131373126,8.04447912907969,9.5321154360516,6.84717344781224,8.11889449822441,6.87118764171106,7.90805798659301,8.69152855424575,8.16242631499746,7.53749888347132,7.74365199779592,7.20768615869487
"CH-ET_LTAzI-16",3.62291726980273,3.03567095515484,4.77537066183962,2.88018646493412,4.41391034634388,5.51653000156015,2.4123005578813,1.27827482337366,5.09749513499201,4.71410528881742,0.29540326234995,0.223585023049983,0,4.00155088357129,0.10279199842036,6.42655579695689,6.1396080487823,6.33100442428908,6.79820345491826,7.66453625583397,6.9722201126463,8.25580004774236,8.52232933196416,8.66522633678124,8.26806415212968,9.75570045910158,7.07075847086223,8.34247952127439,7.09477266476105,8.13164300964299,8.91511357729573,8.38601133804744,7.76108390652131,7.9672370208459,7.43127118174485
"CH-ET_LTAzI-18",2.25014813476832,2.21262072296353,0.77381977826833,2.05713623274281,0.412359462772589,1.51497911798886,1.58925032568999,2.72327606019764,2.18711112107643,2.57050096725102,3.70614762122134,3.77796586052131,4.00155088357129,0,4.10434288199165,2.42500491338559,2.13805716521101,4.18740010272268,2.79665257134697,3.66298537226268,2.97066922907501,4.25424916417107,4.52077844839286,4.66367545320995,4.26651326855838,5.75414957553029,3.06920758729093,4.3409286377031,4.95116834319465,4.1300921260717,4.91356269372444,4.94469859945146,3.75953302295001,3.96568613727461,3.42972029817356
"CH-ET_LTAzI-5",3.72570926822309,3.1384629535752,4.87816266025998,2.98297846335448,4.51670234476424,5.61932199998051,2.51509255630166,1.38106682179402,5.20028713341237,4.81689728723778,0.39819526077031,0.326377021470342,0.10279199842036,4.10434288199165,0,6.52934779537725,6.24240004720266,6.43379642270943,6.90099545333862,7.76732825425433,7.07501211106666,8.35859204616272,8.62512133038452,8.7680183352016,8.37085615055004,9.85849245752194,7.17355046928259,8.44527151969475,7.19756466318141,8.23443500806335,9.01790557571609,8.4888033364678,7.86387590494167,8.07002901926626,7.53406318016521
"CH-ET_LTAzI-22",4.67515304815392,4.63762563634913,2.37410576610875,4.4821411461284,2.01264545061301,1.70549201939333,4.01425523907559,5.14828097358323,3.25194159709366,3.63533144326825,6.13115253460694,6.2029707739069,6.42655579695689,2.42500491338559,6.52934779537725,0,0.286947748174586,4.40314092206202,2.98716547275145,3.52539537499492,2.18009334260184,3.26659656126605,3.53312584548785,3.67602285030493,2.19963721594132,3.68727352291323,2.08155498438592,3.27563363829873,5.16690916253399,4.32060502747618,5.01149653883418,5.13521150085594,3.95004592435449,1.54068122388902,1.00471538478797
"CH-ET_LTAzI-21",4.38820529997933,4.35067788817454,2.08715801793416,4.19519339795382,1.72569770243842,1.99243976756792,3.727307490901,4.86133322540864,3.50044936074226,3.88383920691685,5.84420478643235,5.91602302573232,6.1396080487823,2.13805716521101,6.24240004720266,0.286947748174586,0,4.69008867023661,3.27411322092604,3.8123431231695,2.46704109077643,3.55354430944064,3.82007359366243,3.96297059847952,2.48658496411591,3.97422127108781,2.3685027325605,3.56258138647332,5.45385691070858,4.60755277565076,5.29844428700876,5.42215924903053,4.23699367252908,1.82762897206361,1.29166313296256
"IX-ET_LTAzI-12",2.70808715448634,3.29533346913423,3.41358032445435,3.45081795935496,3.77504063995009,2.69764890266869,3.91870386640777,5.05272960091542,2.00028898164625,1.61689913547166,6.03560116193912,6.10741940123909,6.33100442428907,4.18740010272268,6.43379642270943,4.40314092206202,4.69008867023661,0,2.03943965516594,2.80550139232622,3.28463443609622,3.9372992735618,3.67076998934,3.95262639283517,4.5804784755796,5.64458390339286,3.38317279431215,4.02397874709383,0.763768240471972,1.85832602509797,2.6417965927507,2.05500691375836,2.22888512821965,4.99597823301115,4.4600123939101
"IX-ET_LTAzI-1",4.30270089624772,4.88994721089561,2.02283279307864,4.85378880408978,2.38429310857438,1.28167345335812,4.38590289703696,5.51992863154461,2.82812303105844,3.21151287723303,6.50280019256831,6.57461843186828,6.79820345491826,2.79665257134697,6.90099545333862,2.98716547275145,3.27411322092604,2.03943965516594,0,0.866332800915706,1.24519478093028,1.99813068215128,1.73160139792948,2.01345780142465,2.54103882041366,3.70541531198234,1.34373313914621,2.08481015568331,2.42799733935072,1.33343955472473,2.11691012237746,2.14804602810449,0.962880451603042,2.9565385778452,2.42057273874415
"IX-ET_LTAzI-3",5.16903369716342,5.75628001181131,2.88916559399435,5.72012160500549,3.25062590949009,2.14800625427382,5.25223569795267,6.38626143246031,3.69445583197415,4.07784567814874,7.36913299348402,7.44095123278399,7.66453625583397,3.66298537226268,7.76732825425433,3.52539537499492,3.8123431231695,2.80550139232622,0.866332800915706,0,1.54237874882493,1.13179788123557,0.865268597013778,1.14712500050894,2.29447377712501,2.83908251106663,1.443840390609,1.2184773547676,2.04173315185425,0.947175367228258,1.73064593488099,1.76178184060802,0.576616264106572,3.056645829308,2.52067999020695
"IX-ET_LTAzI-11",4.47671755397576,5.06396386862365,2.19684945080668,5.02780546181782,2.55830976630242,1.45569011108615,4.559919554765,5.69394528927265,3.00213968878648,3.38552953496107,6.67681685029635,6.74863508959632,6.9722201126463,2.97066922907501,7.07501211106666,2.18009334260184,2.46704109077643,3.28463443609622,1.24519478093028,1.54237874882493,0,1.28357993509606,1.55010921931785,1.69300622413494,1.29584403948338,2.78348034645528,0.0985383582159254,1.37025940862809,3.58411190067918,2.48955411605318,3.02847991266419,3.30416058943295,2.1189950129315,1.71134379691492,1.17537795781387
"IX-ET_LTAzI-5",5.76029748907182,6.3475438037197,3.48042938590274,6.31138539691387,3.84188970139848,2.73927004618221,5.84349948986106,6.9775252243687,4.28571962388254,4.66910947005713,7.96039678539241,8.03221502469238,8.25580004774236,4.25424916417107,8.35859204616272,3.26659656126605,3.55354430944064,3.9372992735618,1.99813068215128,1.13179788123557,1.28357993509606,0,0.266529284221796,0.409426289038883,1.16267589588944,2.10138379959657,1.18504157688013,0.0866794735320289,3.17353103308983,2.07897324846383,1.74489997756813,2.48405072951157,1.70841414534215,2.36267333518575,2.26188117647808
"IX-ET_LTAzI-7",6.02682677329361,6.6140730879415,3.74695867012453,6.57791468113567,4.10841898562027,3.00579933040401,6.11002877408285,7.2440545085905,4.55224890810433,4.93563875427892,8.2269260696142,8.29874430891417,8.52232933196416,4.52077844839286,8.62512133038452,3.53312584548785,3.82007359366243,3.67076998934,1.73160139792948,0.865268597013778,1.55010921931785,0.266529284221796,0,0.281856403495167,1.42920518011123,1.97381391405285,1.45157086110193,0.353208757753825,2.90700174886803,1.81244396424204,1.61733009202441,2.35648084396785,1.44188486112035,2.62920261940754,2.52841046069988
"IX-ET_LTAzI-8",6.1697237781107,6.75697009275859,3.88985567494162,6.72081168595276,4.25131599043736,3.14869633522109,6.25292577889994,7.38695151340759,4.69514591292142,5.07853575909601,8.36982307443129,8.44164131373126,8.66522633678124,4.66367545320995,8.7680183352016,3.67602285030493,3.96297059847952,3.95262639283517,2.01345780142465,1.14712500050894,1.69300622413494,0.409426289038883,0.281856403495167,0,1.50872056831114,1.69195751055769,1.59446786591902,0.432724145953728,3.1888581523632,2.0943003677372,1.33547368852924,2.07462444047269,1.72374126461552,2.70871800760745,2.67130746551696
"IX-ET_LTAzI-9",5.77256159345913,6.35980790810702,3.49269349029005,6.32364950130119,3.85415380578579,2.75153415056953,5.85576359424837,6.98978932875602,4.29798372826985,4.68137357444445,7.97266088977972,8.04447912907969,8.26806415212968,4.26651326855838,8.37085615055004,2.19963721594132,2.48658496411591,4.5804784755796,2.54103882041366,2.29447377712501,1.29584403948338,1.16267589588944,1.42920518011123,1.50872056831114,0,1.4876363069719,1.19730568126745,1.07599642235741,4.33620692897926,3.24164914435327,2.84419425684038,3.58334500878382,2.87109004123158,1.19999743929631,1.19492183115335
"IX-ET_LTAzI-10",7.26019790043103,7.84744421507892,4.98032979726196,7.81128580827309,5.3417901127577,4.23917045754143,7.34339990122028,8.47742563572792,5.78562003524176,6.16900988141635,9.46029719675163,9.5321154360516,9.75570045910158,5.75414957553029,9.85849245752194,3.68727352291323,3.97422127108781,5.64458390339286,3.70541531198234,2.83908251106663,2.78348034645528,2.10138379959657,1.97381391405285,1.69195751055769,1.4876363069719,0,2.68494198823935,2.12468165651141,4.88081566292088,3.78625787829489,3.02743119908693,3.76658195103037,3.4156987751732,2.68763374626821,2.68255813812526
"IX-ET_LTAzI-4",4.57525591219168,5.16250222683957,2.2953878090226,5.12634382003374,2.65684812451835,1.55422846930208,4.65845791298092,5.79248364748857,3.1006780470024,3.484067893177,6.77535520851228,6.84717344781224,7.07075847086223,3.06920758729093,7.17355046928258,2.08155498438592,2.3685027325605,3.38317279431215,1.34373313914621,1.443840390609,0.0985383582159254,1.18504157688013,1.45157086110193,1.59446786591902,1.19730568126745,2.68494198823935,0,1.27172105041216,3.48557354246325,2.39101575783726,2.92994155444826,3.20562223121702,2.02045665471557,1.612805438699,1.07683959959795
"IX-ET_LTAzI-6",5.84697696260384,6.43422327725173,3.56710885943477,6.3980648704459,3.92856917493051,2.82594951971424,5.93017896339309,7.06420469790073,4.37239909741457,4.75578894358916,8.04707625892444,8.11889449822441,8.34247952127439,4.3409286377031,8.44527151969475,3.27563363829873,3.56258138647332,4.02397874709383,2.08481015568331,1.2184773547676,1.37025940862809,0.0866794735320289,0.353208757753825,0.432724145953728,1.07599642235741,2.12468165651141,1.27172105041216,0,3.26021050662186,2.16565272199586,1.76819783448297,2.50734858642641,1.79509361887418,2.27599386165372,2.27091825351076
"TX-ET_LTAzI-1",3.47185539495832,4.0591017096062,4.17734856492632,4.21458619982693,4.53880888042206,3.46141714314066,4.68247210687975,5.81649784138739,2.76405722211822,2.38066737594363,6.7993694024111,6.87118764171106,7.09477266476105,4.95116834319465,7.1975646631814,5.16690916253399,5.45385691070858,0.763768240471972,2.42799733935072,2.04173315185425,3.58411190067918,3.17353103308983,2.90700174886803,3.1888581523632,4.33620692897926,4.88081566292088,3.48557354246325,3.26021050662186,0,1.09455778462599,1.87802835227873,1.29123867328639,1.46511688774768,5.09837898116225,4.5624131420612
"TX-ET_LTAzI-4",4.56641317958431,5.1536594942322,3.35627234780337,5.30914398445292,3.71773266329911,2.61511300808284,5.71934245176169,6.85336818626934,3.85861500674422,3.47522516056963,7.83623974729304,7.90805798659301,8.13164300964299,4.1300921260717,8.23443500806335,4.32060502747618,4.60755277565076,1.85832602509797,1.33343955472473,0.947175367228259,2.48955411605318,2.07897324846383,1.81244396424204,2.0943003677372,3.24164914435327,3.78625787829489,2.39101575783726,2.16565272199586,1.09455778462599,0,0.783470567652736,0.814606473379764,0.370559103121686,4.00382119653626,3.46785535743521
"TX-ET_LTAzI-3",5.34988374723705,5.93713006188494,4.13974291545611,6.09261455210566,4.50120323095185,3.39858357573558,6.50281301941443,7.63683875392207,4.64208557439695,4.25869572822236,8.61971031494578,8.69152855424575,8.91511357729573,4.91356269372444,9.01790557571609,5.01149653883418,5.29844428700876,2.6417965927507,2.11691012237746,1.73064593488099,3.02847991266419,1.74489997756813,1.61733009202441,1.33547368852924,2.84419425684038,3.02743119908693,2.92994155444826,1.76819783448297,1.87802835227873,0.783470567652736,0,0.739150751943442,1.15402967077442,4.04419169613669,4.00678115404621
"TX-ET_LTAzI-2",4.76309406824471,5.3503403828926,4.17087882118313,5.50582487311332,4.53233913667887,3.42971948146261,5.97371078016614,7.10773651467378,4.05529589540461,3.67190604923002,8.09060807569749,8.16242631499745,8.38601133804744,4.94469859945146,8.4888033364678,5.13521150085594,5.42215924903053,2.05500691375836,2.14804602810449,1.76178184060802,3.30416058943295,2.48405072951157,2.35648084396785,2.07462444047269,3.58334500878382,3.76658195103037,3.20562223121702,2.50734858642641,1.29123867328639,0.814606473379764,0.739150751943442,0,1.18516557650145,4.78334244808013,4.28246183081497
"IX-ET_LTAzI-2/5/6TX-ET_LTAzI-2/5/6",4.936972282706,5.52421859735389,2.98571324468168,5.67970308757461,3.34717356017743,2.24455390496116,5.34878334864,6.48280908314765,3.79100348266148,3.84578426369131,7.46568064417136,7.53749888347132,7.76108390652131,3.75953302295001,7.86387590494166,3.95004592435449,4.23699367252908,2.22888512821965,0.962880451603042,0.576616264106572,2.1189950129315,1.70841414534215,1.44188486112035,1.72374126461552,2.87109004123158,3.4156987751732,2.02045665471557,1.79509361887418,1.46511688774768,0.370559103121686,1.15402967077442,1.18516557650145,0,3.63326209341457,3.09729625431352
"XO-ET_LTAzI-2",6.18806135089068,6.17830686023815,3.9081932477216,6.02282237001742,3.55332667450202,3.16703390800108,5.5549364629646,6.68896219747225,4.7134834857014,5.09687333187599,7.67183375849596,7.74365199779592,7.96723702084591,3.96568613727461,8.07002901926626,1.54068122388902,1.82762897206361,4.99597823301115,2.9565385778452,3.056645829308,1.71134379691492,2.36267333518575,2.62920261940754,2.70871800760745,1.19999743929631,2.68763374626821,1.612805438699,2.27599386165372,5.09837898116225,4.00382119653626,4.04419169613669,4.78334244808013,3.63326209341457,0,0.53596583910105
"XO-ET_LTAzI-1",5.65209551178963,5.6423410211371,3.37222740862055,5.48685653091637,3.01736083540098,2.63106806890003,5.01897062386356,6.1529963583712,4.17751764660035,4.56090749277494,7.13586791939491,7.20768615869487,7.43127118174486,3.42972029817356,7.53406318016522,1.00471538478797,1.29166313296256,4.4600123939101,2.42057273874415,2.52067999020695,1.17537795781387,2.26188117647808,2.52841046069988,2.67130746551696,1.19492183115335,2.68255813812526,1.07683959959795,2.27091825351076,4.5624131420612,3.46785535743521,4.00678115404621,4.28246183081497,3.09729625431352,0.53596583910105,0
