"","CH-ET-3","CH-ET-5","CH-ET-6","CH-ET-7","CH-ET-8/9","CH-ET-27","CH-ET-10","CH-ET-24/26","CH-ET-28/29","CH-ET-12","CH-ET-13","CH-ET-14","CH-ET-15","CH-ET-2","CH-ET-1","CH-ET-21","CH-ET-20","CH-ET-18","CH-ET-23","CH-ET-4","CH-ET-11","CH-ET-19","CH-ET-25","CH-ET-32","CH-ET-16","CH-ET-17","CH-ET-31","CH-ET-30","CH-ET-22","IX-ET-2","IX-ET-3","IX-ET-8","IX-ET-1","IX-ET-17","IX-ET-5","IX-ET-7","IX-ET-18/21","IX-ET-15","IX-ET-19","IX-ET-20","IX-ET-10","IX-ET-12","IX-ET-14","IX-ET-13","IX-ET-6","IX-ET-9","IX-ET-11","TX-ET-18","TX-ET-22","TX-ET-21","TX-ET-19/20","TX-ET-17","IX-ET-4/16/23TX-ET-4/16/23","XO-ET-3","XO-ET-8","XO-ET-9","XO-ET-5","XO-ET-6","XO-ET-4","XO-ET-1","XO-ET-2"
"CH-ET-3",0,0.342259004923972,0.464447146204284,0.579918494613129,0.729507161100791,2.89192591111256,0.736250044086692,2.69158182427563,3.63132424838197,1.2134855363303,2.05797789075921,2.21588604670668,2.38644423972552,1.46472068817297,1.09118801901469,3.36931580074923,3.4411340400492,3.69318847020038,2.25373479307074,0.308424121429639,1.21537882240603,3.60065616806823,2.78633955292076,5.12098588468665,4.19560354683697,3.84679250593372,4.82717525798389,4.50536157463243,3.41944754441314,3.80855071835602,3.96701580431626,6.88391740292159,2.70808715448634,4.93792750732872,5.55402198708313,5.76495212533319,6.06283132701973,5.08432867949672,6.6325148229143,6.37985734782611,6.66171375132128,6.62211775517267,7.78174956139373,8.36321734384875,5.19037227778106,6.73431585820406,6.04683978709646,3.55379867983568,4.5445258405845,5.32799640823724,4.78244997675962,2.95671306917806,4.91508494370619,6.01876730555892,7.58750757194316,7.69238227024471,6.27778293241783,6.38605899286276,5.84415410476843,5.81688097149991,6.89234466096997
"CH-ET-5",0.342259004923972,0,0.143968658092894,0.337356706877102,0.486945373364764,3.23418491603653,0.493688256350665,2.96776274914399,3.97358325330594,0.970923748594274,1.81541610302318,1.97332425897066,2.1438824519895,1.80697969309695,1.43344702393866,3.1267540130132,3.19857225231317,3.45062668246435,2.5299157179391,0.127031308669422,0.97281703467,3.3580943803322,3.06252047778912,5.39716680955501,3.95304175910094,3.60423071819769,5.10335618285225,4.78154249950079,3.17688575667711,4.15080972328,4.30927480924024,7.22617640784556,3.05034615941032,5.28018651225269,5.8962809920071,6.10721113025716,6.40509033194371,5.42658768442069,6.97477382783827,6.72211635275009,7.00397275624525,6.96437676009664,8.12400856631771,8.70547634877273,5.53263128270503,7.07657486312804,6.38909879202043,3.89605768475966,4.88678484550847,5.67025541316121,5.1247089816836,3.29897207410203,5.25734394863016,6.29494823042728,7.92976657686713,8.03464127516868,6.55396385728619,6.66223991773112,6.12033502963679,6.15913997642388,7.23460366589394
"CH-ET-6",0.464447146204284,0.143968658092894,0,0.193388048784208,0.34297671527187,3.15262442257022,0.349719598257772,2.82379409105109,3.89202275983964,0.82695509050138,1.67144744493029,1.82935560087776,1.9999137938966,1.92916783437726,1.55563516521897,2.98278535492031,3.05460359422027,3.30665802437146,2.38594705984621,0.156023024774645,0.828848376577106,3.21412572223931,2.91855181969622,5.25319815146212,3.80907310100805,3.4602620601048,4.95938752475935,4.6375738414079,3.03291709858421,4.27299786456031,4.43146295052055,7.23563831798383,3.17253430069063,5.19862601878638,6.01846913328741,6.22939927153748,6.52727847322402,5.34502719095439,7.09696196911858,6.8443044940304,7.12616089752557,6.88281626663033,8.13347047645598,8.714938258911,5.45107078923872,7.19876300440835,6.30753829855412,4.01824582603997,5.00897298678878,5.79244355444152,5.24689712296391,3.42116021538234,5.37953208991047,6.15097957233438,7.84820608340082,7.95308078170238,6.4099951991933,6.51827125963823,5.97636637154389,6.07757948295757,7.15304317242763
"CH-ET-7",0.579918494613129,0.337356706877102,0.193388048784208,0,0.149588666487662,2.95923637378601,0.156331549473563,2.63040604226689,3.69863471105543,0.633567041717172,1.47805939614608,1.63596755209355,1.80652574511239,2.0446391827861,1.67110651362781,2.7893973061361,2.86121554543607,3.11326997558725,2.192559011062,0.27149437318349,0.635460327792898,3.0207376734551,2.72516377091202,5.05981010267791,3.61568505222384,3.26687401132059,4.76599947597514,4.44418579262369,2.83952904980001,4.38846921296915,4.54693429892939,7.04225026919963,3.28800564909947,5.00523797000218,5.88776109370439,6.09869123195446,6.396570433641,5.15163914217018,6.96625392953556,6.71359645444738,6.99545285794254,6.68942821784612,7.94008242767177,8.52155021012679,5.25768274045452,7.04173749376002,6.11415024976991,4.13371717444881,5.12444433519763,5.90791490285036,5.36236847137275,3.53663156379119,5.49500343831931,5.95759152355018,7.65481803461662,7.75969273291817,6.21660715040909,6.32488321085402,5.78297832275968,5.88419143417336,6.95965512364342
"CH-ET-8/9",0.729507161100791,0.486945373364764,0.34297671527187,0.149588666487662,0,2.95114585857057,0.148241034258122,2.62231552705144,3.69054419583999,0.625476526501731,1.32847072965842,1.48637888560589,1.65693707862473,2.19422784927377,1.82069518011548,2.63980863964844,2.71162687894841,2.96368130909959,2.18446849584656,0.421083039671152,0.485871661305236,2.87114900696744,2.71707325569658,5.05171958746247,3.46609638573618,3.11728534483293,4.7579089607597,4.43609527740825,2.68994038331234,4.53805787945682,4.69652296541705,7.03415975398418,3.43759431558714,4.99714745478673,5.87967057848895,6.09060071673902,6.38847991842556,5.14354862695474,6.95816341432012,6.70550593923194,6.9873623427271,6.68133770263068,7.93199191245633,8.51345969491135,5.24959222523908,7.03364697854458,6.10605973455447,4.28330584093648,5.27403300168529,6.05750356933803,5.51195713786041,3.68622023027885,5.64459210480698,5.94950100833474,7.64672751940117,7.75160221770273,6.20851663519365,6.31679269563858,5.77488780754424,5.87610091895792,6.95156460842798
"CH-ET-27",2.89192591111256,3.23418491603653,3.15262442257022,2.95923637378601,2.95114585857057,0,2.80290482431245,0.345908967117547,0.739398337269414,2.32566933206884,3.90082838470129,4.05873654064877,4.22929473366761,1.42720522293958,1.80073789209787,5.21216629469131,5.28398453399128,5.53603896414247,0.766677362724018,3.2003500325422,3.05822931634811,5.44350666201032,0.234072602873999,2.66975184634801,6.03845404077906,5.68964299987581,2.37594121964525,2.15968871747435,5.26229803835522,4.11541627316936,3.95695118720912,4.08301389541361,3.41763702756953,2.04600159621616,2.92852471991838,3.13945485816844,3.43733405985498,2.19240276838416,4.00701755574955,3.75436008066136,4.03621648415653,3.73019184406011,4.98084605388575,5.56231383634077,2.2984463666685,4.082501119974,3.1549138759839,4.26334855291887,3.37944115094089,4.16291171859362,4.19404762432065,3.66626294226124,3.0088820478192,3.56753326722028,4.6955816608306,4.80045635913215,3.82654889407919,3.93482495452412,3.39292006642979,2.92495506038735,4.00041874985741
"CH-ET-10",0.736250044086692,0.493688256350665,0.349719598257772,0.156331549473563,0.148241034258122,2.80290482431245,0,2.47407449279332,3.54230316158187,0.477235492243608,1.47671176391654,1.63461991986401,1.80517811288285,2.20097073225967,1.82743806310138,2.78804967390656,2.85986791320653,3.11192234335771,2.03622746158843,0.427825922657054,0.634112695563358,3.01939004122556,2.56883222143845,4.90347855320435,3.6143374199943,3.26552637909105,4.60966792650158,4.28785424315013,2.83818141757047,4.54480076244272,4.70326584840296,6.88591871972606,3.44433719857304,4.84890642052861,5.73142954423083,5.94235968248089,6.24023888416743,4.99530759269662,6.809922380062,6.55726490497381,6.83912130846898,6.53309666837256,7.78375087819821,8.36521866065323,5.10135119098095,6.88540594428646,5.95781870029635,4.29004872392238,5.28077588467119,6.06424645232393,5.51870002084631,3.69296311326475,5.65133498779288,5.80125997407661,7.49848648514305,7.60336118344461,6.06027560093552,6.16855166138046,5.62664677328612,5.7278598846998,6.80332357416986
"CH-ET-24/26",2.69158182427563,2.96776274914399,2.82379409105109,2.63040604226689,2.62231552705145,0.345908967117547,2.47407449279332,0,1.08530730438696,1.99683900054971,3.57199805318216,3.72990620912964,3.90046440214848,1.77311419005713,2.14664685921542,4.88333596317218,4.95515420247215,5.20720863262334,0.437847031204889,2.90190041545038,2.72939898482898,5.11467633049119,0.145400148440592,2.42940406041102,5.70962370925993,5.36081266835668,2.13559343370826,1.8137797503568,4.93346770683609,4.46132524028691,4.30286015432667,4.42892286253116,3.76354599468708,2.39191056333371,3.27443368703593,3.48536382528599,3.78324302697253,2.53831173550171,4.3529265228671,4.10026904777891,4.38212545127408,4.07610081117765,5.3267550210033,5.90822280345832,2.64435533378605,4.42841008709155,3.50082284310145,4.60925752003642,3.72535011805844,4.50882068571117,4.5399565914382,4.01217190937879,3.35479101493675,3.32718548128329,5.04149062794815,5.1463653262497,3.5862011081422,3.69447716858713,3.1525722804928,3.2708640275049,4.34632771697496
"CH-ET-28/29",3.63132424838197,3.97358325330594,3.89202275983964,3.69863471105543,3.69054419583999,0.739398337269414,3.54230316158186,1.08530730438696,0,3.06506766933826,4.64022672197071,4.79813487791818,4.96869307093702,2.166603560209,2.54013622936729,5.95156463196073,6.0233828712607,6.27543730141188,1.50607569999343,3.93974836981161,3.79762765361753,6.18290499927973,0.973470940143412,1.9303535090786,6.77785237804847,6.42904133714522,1.63654288237583,1.95835656572729,6.00169637562464,3.37601793589995,3.21755284993971,3.3436155581442,2.73246036973925,1.30660325894675,2.18912638264897,2.40005652089903,2.69793572258557,1.45300443111475,3.26761921848014,3.01496174339195,3.29681814688712,2.99079350679069,4.24144771661634,4.82291549907136,1.55904802939909,3.34310278270459,2.41551553871448,3.57817189508859,2.64004281367147,3.42351338132421,3.45464928705124,2.98108628443096,2.26948371054979,2.82813492995087,3.95618332356119,4.06105802186274,3.08715055680978,3.19542661725471,2.65352172916037,2.18555672311793,3.26102041258799
"CH-ET-12",1.2134855363303,0.970923748594274,0.82695509050138,0.633567041717172,0.625476526501731,2.32566933206884,0.477235492243608,1.99683900054971,3.06506766933826,0,1.57515905263245,1.73306720857992,1.90362540159876,2.67820622450328,2.30467355534499,2.88649696262247,2.95831520192244,3.21036963207362,1.55899196934483,0.905061414900662,0.732559984279269,3.11783732994147,2.09159672919484,4.42624306096074,3.71278470871021,3.36397366780696,4.13243243425797,3.81061875090652,2.93662870628638,5.02203625468633,5.18050134064656,6.40868322748245,3.92157269081665,4.371670928285,5.25419405198722,5.46512419023728,5.76300339192383,4.51807210045301,6.33268688781839,6.08002941273021,6.36188581622537,6.05586117612895,7.3065153859546,7.88798316840962,4.62411569873734,6.40817045204285,5.48058320805274,4.76728421616599,5.70511048300973,6.48858105066247,5.99593551308992,4.17019860550836,5.33455137988805,5.32402448183301,7.02125099289944,7.126125691201,5.58304010869192,5.69131616913685,5.14941128104251,5.25062439245619,6.32608808192625
"CH-ET-13",2.05797789075921,1.81541610302318,1.67144744493029,1.47805939614608,1.32847072965842,3.90082838470129,1.47671176391654,3.57199805318216,4.64022672197071,1.57515905263245,0,0.157908155947475,0.328466348966315,3.52269857893218,3.14916590977389,1.31133790999002,1.38315614928999,1.63521057944117,3.13415102197728,1.74955376932957,0.842599068353181,1.54267827730902,3.66675578182729,6.00140211359319,2.13762565607776,1.78881461517451,5.70759148689042,5.38577780353897,1.36146965365393,5.86652860911523,6.02499369507547,7.9838422801149,4.76606504524555,5.94682998091745,6.82935310461967,7.04028324286974,7.33816244455628,6.09323115308546,7.90784594045084,7.65518846536266,7.93704486885783,7.6310202287614,8.88167443858705,9.46314222104207,6.19927475136979,7.9833295046753,7.05574226068519,5.61177657059489,6.60250373134371,7.38597429899644,6.84042786751883,5.01469095993726,6.9097104325205,6.89918353446545,8.59641004553189,8.70128474383345,7.15819916132437,7.2664752217693,6.72457033367496,6.82578344508864,7.9012471345587
"CH-ET-14",2.21588604670668,1.97332425897066,1.82935560087776,1.63596755209355,1.48637888560589,4.05873654064877,1.63461991986401,3.72990620912964,4.79813487791818,1.73306720857992,0.157908155947475,0,0.17055819301884,3.68060673487966,3.30707406572137,1.15342975404255,1.22524799334251,1.4773024234937,3.29205917792475,1.90746192527704,1.00050722430066,1.38477012136155,3.82466393777477,6.15931026954066,1.97971750013029,1.63090645922704,5.8654996428379,5.54368595948644,1.20356149770645,6.02443676506271,6.18290185102295,8.14175043606238,4.92397320119303,6.10473813686493,6.98726126056715,7.19819139881721,7.49607060050375,6.25113930903293,8.06575409639832,7.81309662131013,8.0949530248053,7.78892838470887,9.03958259453452,9.62105037698954,6.35718290731727,8.14123766062277,7.21365041663267,5.76968472654237,6.76041188729118,7.54388245494392,6.99833602346631,5.17259911588474,7.06761858846797,7.05709169041293,8.75431820147937,8.85919289978092,7.31610731727184,7.42438337771677,6.88247848962244,6.98369160103612,8.05915529050618
"CH-ET-15",2.38644423972552,2.1438824519895,1.9999137938966,1.80652574511239,1.65693707862473,4.22929473366761,1.80517811288285,3.90046440214848,4.96869307093702,1.90362540159876,0.328466348966315,0.17055819301884,0,3.8511649278985,3.47763225874021,0.982871561023706,1.05468980032367,1.30674423047486,3.46261737094359,2.07802011829588,1.1710654173195,1.21421192834271,3.99522213079361,6.3298684625595,1.80915930711145,1.4603482662082,6.03605783585674,5.71424415250528,1.03300330468761,6.19499495808155,6.35346004404179,8.31230862908122,5.09453139421187,6.27529632988377,7.15781945358599,7.36874959183605,7.66662879352259,6.42169750205177,8.23631228941716,7.98365481432897,8.26551121782414,7.95948657772771,9.21014078755336,9.79160857000838,6.52774110033611,8.31179585364161,7.38420860965151,5.94024291956121,6.93097008031002,7.71444064796276,7.16889421648515,5.34315730890358,7.23817678148681,7.22764988343177,8.92487639449821,9.02975109279976,7.48666551029068,7.59494157073562,7.05303668264128,7.15424979405496,8.22971348352502
"CH-ET-2",1.46472068817298,1.80697969309695,1.92916783437726,2.0446391827861,2.19422784927377,1.42720522293958,2.20097073225967,1.77311419005713,2.166603560209,2.67820622450328,3.52269857893218,3.68060673487966,3.8511649278985,0,0.373532669158289,4.8340364889222,4.90585472822217,5.15790915837335,2.1938825856636,1.77314480960261,2.680099510579,5.06537685624121,1.66127782581358,4.09695706928759,5.66032423500994,5.31151319410669,3.80314644258483,3.58689394041393,4.88416823258611,3.09089536849963,3.24936045445987,5.51021911835319,1.99043180462995,3.47320681915574,4.35572994285796,4.56666008110802,4.86453928279457,3.61960799132375,5.43422277868913,5.18156530360095,5.46342170709611,5.15739706699969,6.40805127682534,6.98951905928036,3.72565158960808,5.50970634291359,4.58211909892348,2.83614332997929,3.8268704907281,4.61034105838084,4.06479462690323,2.23905771932166,4.19742959384979,4.99473849015986,6.12278688377018,6.22766158207174,5.25375411701877,5.36203017746371,4.82012528936937,4.35216028332693,5.42762397279699
"CH-ET-1",1.09118801901469,1.43344702393866,1.55563516521897,1.67110651362782,1.82069518011548,1.80073789209787,1.82743806310138,2.14664685921542,2.54013622936729,2.30467355534499,3.14916590977389,3.30707406572137,3.47763225874021,0.373532669158289,0,4.46050381976391,4.53232205906388,4.78437648921507,2.56741525482189,1.39961214044432,2.30656684142071,4.69184418708292,2.03481049497187,4.47048973844588,5.28679156585166,4.93798052494841,4.17667911174312,3.96042660957222,4.51063556342782,2.71736269934134,2.87582778530158,5.7927293839069,1.61689913547166,3.84673948831403,4.46283396806844,4.6737641063185,4.97164330800505,3.99314066048204,5.54132680389961,5.28866932881143,5.57052573230659,5.53092973615798,6.69056154237904,7.27202932483406,4.09918425876637,5.64312783918938,4.95565176808177,2.462610660821,3.45333782156981,4.23680838922255,3.69126195774494,1.86552505016337,3.8238969246915,5.36827115931815,6.49631955292847,6.60119425123003,5.62728678617706,5.735562846622,5.19365795852766,4.72569295248522,5.80115664195528
"CH-ET-21",3.36931580074923,3.1267540130132,2.98278535492031,2.7893973061361,2.63980863964844,5.21216629469131,2.78804967390656,4.88333596317218,5.95156463196073,2.88649696262247,1.31133790999002,1.15342975404255,0.982871561023706,4.8340364889222,4.46050381976391,0,0.0718182392999678,0.323872669451151,4.4454889319673,3.06089167931959,2.1539369783432,0.231340367319002,4.97809369181731,7.31274002358321,0.826287746087741,0.477476705184491,7.01892939688044,6.69711571352899,0.0501317436639077,7.17786651910525,7.33633160506549,9.29518019010492,6.07740295523557,7.25816789090747,8.14069101460969,8.35162115285975,8.6495003545463,7.40456906307548,9.21918385044086,8.96652637535268,9.24838277884784,8.94235813875142,10.1930123485771,10.7744801310321,7.51061266135981,9.29466741466532,8.36708017067521,6.92311448058491,7.91384164133373,8.69731220898647,8.15176577750885,6.32602886992729,8.22104834251052,8.21052144445548,9.90774795552191,10.0126226538235,8.46953707131439,8.57781313175932,8.03590824366498,8.13712135507866,9.21258504454872
"CH-ET-20",3.4411340400492,3.19857225231317,3.05460359422027,2.86121554543607,2.71162687894841,5.28398453399128,2.85986791320653,4.95515420247215,6.0233828712607,2.95831520192244,1.38315614928999,1.22524799334251,1.05468980032367,4.90585472822217,4.53232205906388,0.0718182392999678,0,0.252054430151183,4.51730717126726,3.13270991861956,2.22575521764317,0.159522128019034,5.04991193111728,7.38455826288317,0.754469506787773,0.405658465884523,7.09074763618041,6.76893395282895,0.0710785729199233,7.24968475840522,7.40814984436546,9.36699842940489,6.14922119453554,7.32998613020744,8.21250925390966,8.42343939215972,8.72131859384626,7.47638730237545,9.29100208974083,9.03834461465265,9.32020101814781,9.01417637805139,10.264830587877,10.8462983703321,7.58243090065978,9.36648565396529,8.43889840997518,6.99493271988488,7.9856598806337,8.76913044828643,8.22358401680882,6.39784710922725,8.29286658181048,8.28233968375544,9.97956619482188,10.0844408931234,8.54135531061435,8.64963137105929,8.10772648296495,8.20893959437863,9.28440328384869
"CH-ET-18",3.69318847020038,3.45062668246435,3.30665802437146,3.11326997558725,2.96368130909959,5.53603896414247,3.11192234335771,5.20720863262334,6.27543730141188,3.21036963207362,1.63521057944117,1.4773024234937,1.30674423047486,5.15790915837335,4.78437648921506,0.323872669451151,0.252054430151183,0,4.76936160141845,3.38476434877074,2.47780964779435,0.0925323021321487,5.30196636126847,7.63661269303436,0.50241507663659,0.15360403573334,7.3428020663316,7.02098838298014,0.323133003071106,7.5017391885564,7.66020427451664,9.61905285955608,6.40127562468672,7.58204056035863,8.46456368406085,8.67549382231091,8.97337302399745,7.72844173252663,9.54305651989201,9.29039904480383,9.572255448299,9.26623080820257,10.5168850180282,11.0983528004832,7.83448533081097,9.61854008411647,8.69095284012636,7.24698715003606,8.23771431078488,9.02118487843762,8.47563844696,6.64990153937844,8.54492101196167,8.53439411390663,10.2316206249731,10.3364953232746,8.79340974076554,8.90168580121047,8.35978091311613,8.46099402452981,9.53645771399987
"CH-ET-23",2.25373479307074,2.5299157179391,2.38594705984621,2.192559011062,2.18446849584656,0.766677362724018,2.03622746158843,0.437847031204889,1.50607569999343,1.55899196934483,3.13415102197728,3.29205917792475,3.46261737094359,2.1938825856636,2.56741525482189,4.4454889319673,4.51730717126726,4.76936160141845,0,2.46405338424549,2.29155195362409,4.6768292992863,0.532604759850019,2.86725109161591,5.27177667805504,4.92296563715179,2.57344046491315,2.25162678156169,4.4956206756312,4.88209363589338,4.72362854993314,4.84969125813763,4.18431439029355,2.81267895894018,3.6952020826424,3.90613222089246,4.204011422579,2.95908013110818,4.77369491847357,4.52103744338538,4.80289384688055,4.49686920678412,5.74752341660977,6.32899119906479,3.06512372939252,4.84917848269802,3.92159123870792,5.03002591564289,4.14611851366491,4.92958908131764,4.96072498704467,4.43294030498526,3.77555941054322,3.76503251248818,5.46225902355462,5.56713372185617,4.02404813934709,4.13232419979202,3.59041931169769,3.69163242311137,4.76709611258143
"CH-ET-4",0.308424121429639,0.127031308669422,0.156023024774645,0.27149437318349,0.421083039671152,3.2003500325422,0.427825922657054,2.90190041545038,3.93974836981161,0.905061414900662,1.74955376932957,1.90746192527704,2.07802011829588,1.77314480960261,1.39961214044432,3.06089167931959,3.13270991861956,3.38476434877074,2.46405338424549,0,0.906954700976388,3.29223204663859,2.99665814409551,5.3313044758614,3.88717942540733,3.53836838450408,5.03749384915863,4.71568016580718,3.1110234229835,4.11697483978566,4.2754399257459,7.19234152435123,3.01651127591598,5.24635162875836,5.86244610851277,6.07337624676283,6.37125544844937,5.39275280092636,6.94093894434394,6.68828146925575,6.97013787275092,6.9305418766023,8.09017368282337,8.67164146527839,5.4987963992107,7.0427399796337,6.3552639085261,3.86222280126532,4.85294996201414,5.63642052966687,5.09087409818926,3.2651371906077,5.22350906513582,6.22908589673367,7.8959316933728,8.00080639167435,6.48810152359258,6.59637758403751,6.05447269594317,6.12530509292954,7.2007687823996
"CH-ET-11",1.21537882240603,0.97281703467,0.828848376577106,0.635460327792898,0.485871661305236,3.05822931634811,0.634112695563358,2.72939898482898,3.79762765361753,0.732559984279269,0.842599068353181,1.00050722430066,1.1710654173195,2.680099510579,2.30656684142071,2.1539369783432,2.22575521764317,2.47780964779435,2.29155195362409,0.906954700976388,0,2.3852773456622,2.82415671347411,5.15880304524001,2.98022472443094,2.63141368352769,4.86499241853724,4.54317873518579,2.20406872200711,5.02392954076205,5.18239462672229,7.14124321176172,3.92346597689237,5.10423091256427,5.98675403626649,6.19768417451655,6.4955633762031,5.25063208473228,7.06524687209766,6.81258939700948,7.09444580050464,6.78842116040822,8.03907537023387,8.62054315268889,5.35667568301661,7.14073043632212,6.21314319233201,4.76917750224171,5.75990466299053,6.54337523064326,5.99782879916565,4.17209189158408,6.06711136416732,6.05658446611227,7.75381097717871,7.85868567548027,6.31560009297118,6.42387615341612,5.88197126532178,5.98318437673546,7.05864806620552
"CH-ET-19",3.60065616806823,3.3580943803322,3.21412572223931,3.0207376734551,2.87114900696744,5.44350666201032,3.01939004122556,5.11467633049119,6.18290499927973,3.11783732994147,1.54267827730902,1.38477012136155,1.21421192834271,5.0653768562412,4.69184418708292,0.231340367319002,0.159522128019034,0.0925323021321487,4.6768292992863,3.29223204663859,2.3852773456622,0,5.20943405913632,7.54408039090221,0.594947378768738,0.246136337865489,7.25026976419945,6.92845608084799,0.230600700938958,7.40920688642426,7.5676719723845,9.52652055742393,6.30874332255457,7.48950825822648,8.3720313819287,8.58296152017876,8.8808407218653,7.63590943039448,9.45052421775986,9.19786674267168,9.47972314616685,9.17369850607042,10.4243527158961,11.0058204983511,7.74195302867882,9.52600778198432,8.59842053799422,7.15445484790392,8.14518200865273,8.92865257630547,8.38310614482785,6.55736923724629,8.45238870982952,8.44186181177448,10.1390883228409,10.2439630211425,8.70087743863339,8.80915349907832,8.26724861098398,8.36846172239767,9.44392541186772
"CH-ET-25",2.78633955292076,3.06252047778912,2.91855181969622,2.72516377091202,2.71707325569658,0.234072602873999,2.56883222143845,0.145400148440592,0.973470940143412,2.09159672919484,3.66675578182729,3.82466393777477,3.99522213079361,1.66127782581358,2.03481049497187,4.97809369181732,5.04991193111728,5.30196636126847,0.532604759850019,2.99665814409551,2.82415671347411,5.20943405913632,0,2.57480420885161,5.80438143790506,5.45557039700181,2.28099358214885,1.95917989879739,5.02822543548122,4.34948887604336,4.19102379008312,4.31708649828761,3.65170963044353,2.28007419909016,3.16259732279238,3.37352746104244,3.67140666272898,2.42647537125816,4.24109015862355,3.98843268353536,4.27028908703053,3.9642644469341,5.21491865675975,5.79638643921477,2.5325189695425,4.316573722848,3.3889864788579,4.49742115579287,3.61351375381489,4.39698432146762,4.42812022719465,3.90033554513524,3.2429546506932,3.47258562972388,4.9296542637046,5.03452896200615,3.73160125658279,3.83987731702773,3.29797242893339,3.15902766326135,4.23449135273141
"CH-ET-32",5.12098588468665,5.39716680955501,5.25319815146212,5.05981010267791,5.05171958746247,2.66975184634801,4.90347855320434,2.42940406041102,1.9303535090786,4.42624306096074,6.00140211359319,6.15931026954066,6.3298684625595,4.09695706928759,4.47048973844588,7.31274002358321,7.38455826288317,7.63661269303436,2.86725109161591,5.3313044758614,5.15880304524001,7.54408039090221,2.57480420885161,0,8.13902776967095,7.7902167287677,0.293810626702764,0.61562431005422,7.36287176724712,4.4955535893645,4.33708850340427,2.76816738048381,4.66281387881785,2.50996273802909,2.7500823206374,2.96101245888746,2.84389591589305,1.26476795709881,2.86945564033397,3.12211311542215,3.20037875099793,2.2274565644999,3.27932951825942,3.86079730071444,1.37081155538314,2.7676546050442,1.8400673610541,4.75030562788484,3.75957846713603,3.97269823092157,4.57418494051579,4.91143979350956,3.38901936401434,0.897781420872269,2.82627023605783,2.93114493435938,1.15679704773118,1.26507310817611,0.723168220081775,1.61010854545755,2.13110732508464
"CH-ET-16",4.19560354683697,3.95304175910094,3.80907310100805,3.61568505222384,3.46609638573618,6.03845404077906,3.6143374199943,5.70962370925993,6.77785237804847,3.71278470871021,2.13762565607776,1.97971750013029,1.80915930711145,5.66032423500994,5.28679156585166,0.826287746087741,0.754469506787773,0.50241507663659,5.27177667805504,3.88717942540733,2.98022472443094,0.594947378768739,5.80438143790506,8.13902776967095,0,0.34881104090325,7.84521714296818,7.52340345961673,0.825548079707696,8.00415426519299,8.16261935115323,10.1214679361927,6.90369070132332,8.08445563699522,8.96697876069743,9.1779088989475,9.47578810063404,8.23085680916322,10.0454715965286,9.79281412144042,10.0746705249356,9.76864588483916,11.0193000946648,11.6007678771198,8.33690040744756,10.1209551607531,9.19336791676295,7.74940222667265,8.74012938742147,9.52359995507421,8.97805352359659,7.15231661601503,9.04733608859826,9.03680919054322,10.7340357016097,10.8389103999112,9.29582481740213,9.40410087784706,8.86219598975272,8.9634091011664,10.0388727906365
"CH-ET-17",3.84679250593372,3.60423071819769,3.4602620601048,3.26687401132059,3.11728534483293,5.68964299987581,3.26552637909105,5.36081266835668,6.42904133714522,3.36397366780696,1.78881461517451,1.63090645922704,1.4603482662082,5.31151319410669,4.93798052494841,0.477476705184491,0.405658465884523,0.15360403573334,4.92296563715179,3.53836838450408,2.63141368352769,0.246136337865489,5.45557039700181,7.7902167287677,0.34881104090325,0,7.49640610206493,7.17459241871348,0.476737038804446,7.65534322428975,7.81380831024999,9.77265689528942,6.55487966042006,7.73564459609197,8.61816771979418,8.82909785804425,9.12697705973079,7.88204576825997,9.69666055562535,9.44400308053717,9.72585948403234,9.41983484393591,10.6704890537616,11.2519568362166,7.98808936654431,9.77214411984981,8.8445568758597,7.40059118576941,8.39131834651822,9.17478891417096,8.62924248269334,6.80350557511178,8.69852504769501,8.68799814963997,10.3852246607064,10.490099359008,8.94701377649888,9.05528983694381,8.51338494884947,8.61459806026315,9.69006174973321
"CH-ET-31",4.82717525798389,5.10335618285225,4.95938752475935,4.76599947597514,4.7579089607597,2.37594121964525,4.60966792650158,2.13559343370826,1.63654288237583,4.13243243425797,5.70759148689042,5.8654996428379,6.03605783585674,3.80314644258483,4.17667911174312,7.01892939688044,7.09074763618041,7.3428020663316,2.57344046491315,5.03749384915863,4.86499241853724,7.25026976419945,2.28099358214885,0.293810626702764,7.84521714296819,7.49640610206494,0,0.321813683351456,7.06906114054435,4.78936421606727,4.63089913010703,3.06197800718657,4.36900325211508,2.80377336473185,3.04389294734016,3.25482308559022,3.13770654259582,1.55857858380157,3.16326626703673,3.41592374212491,3.49418937770069,2.52126719120267,3.57314014496218,4.1546079274172,1.66462218208591,3.06146523174697,2.13387798775686,5.04411625458761,4.05338909383879,4.26650885762434,4.86799556721856,4.6176291668068,3.68282999071711,1.19159204757503,3.12008086276059,3.22495556106215,1.45060767443394,1.55888373487888,1.01697884678454,1.90391917216031,2.4249179517874
"CH-ET-30",4.50536157463243,4.78154249950079,4.6375738414079,4.44418579262369,4.43609527740825,2.15968871747435,4.28785424315013,1.8137797503568,1.95835656572729,3.81061875090652,5.38577780353897,5.54368595948644,5.71424415250528,3.58689394041393,3.96042660957222,6.69711571352899,6.76893395282896,7.02098838298014,2.25162678156169,4.71568016580718,4.54317873518579,6.92845608084799,1.95917989879739,0.61562431005422,7.52340345961673,7.17459241871348,0.321813683351456,0,6.7472474571929,5.11117789941872,4.95271281345848,3.38379169053803,4.69081693546654,3.12558704808331,3.36570663069162,3.57663676894168,3.45952022594727,1.88039226715303,3.48507995038819,3.73773742547637,3.81600306105215,2.84308087455412,3.89495382831364,4.47642161076866,1.98643586543736,3.38327891509842,2.45569167110832,5.36592993793906,4.37520277719025,4.58832254097579,5.18980925057001,4.93944285015825,4.00464367406856,1.51340573092649,3.44189454611205,3.5467692444136,1.7724213577854,1.88069741823033,1.33879253013599,2.22573285551177,2.74673163513886
"CH-ET-22",3.41944754441314,3.17688575667711,3.03291709858421,2.83952904980001,2.68994038331234,5.26229803835522,2.83818141757047,4.93346770683609,6.00169637562464,2.93662870628638,1.36146965365393,1.20356149770645,1.03300330468761,4.88416823258611,4.51063556342782,0.0501317436639077,0.0710785729199233,0.323133003071106,4.4956206756312,3.1110234229835,2.20406872200711,0.230600700938958,5.02822543548122,7.36287176724711,0.825548079707696,0.476737038804446,7.06906114054435,6.74724745719289,0,7.22799826276916,7.3864633487294,9.34531193376883,6.12753469889948,7.30829963457138,8.1908227582736,8.40175289652366,8.6996320982102,7.45470080673939,9.26931559410477,9.01665811901658,9.29851452251175,8.99248988241533,10.243144092241,10.824611874696,7.56074440502372,9.34479915832923,8.41721191433912,6.97324622424882,7.96397338499764,8.74744395265037,8.20189752117276,6.37616061359119,8.27118008617442,8.26065318811938,9.95787969918582,10.0627543974874,8.51966881497829,8.62794487542323,8.08603998732889,8.18725309874257,9.26271678821263
"IX-ET-2",3.80855071835602,4.15080972328,4.27299786456031,4.38846921296915,4.53805787945682,4.11541627316936,4.54480076244272,4.46132524028691,3.37601793589995,5.02203625468632,5.86652860911523,6.02443676506271,6.19499495808155,3.09089536849963,2.71736269934134,7.17786651910525,7.24968475840522,7.5017391885564,4.88209363589338,4.11697483978566,5.02392954076205,7.40920688642425,4.34948887604336,4.4955535893645,8.00415426519299,7.65534322428974,4.78936421606727,5.11117789941872,7.22799826276916,0,0.158465085960239,3.07536668456556,1.10046356386968,2.0694146769532,1.74547126872711,1.95640140697717,2.25428060866371,3.2307856322657,2.82396410455827,2.57130662947009,2.85316303296526,4.06229889776287,3.97319884303771,4.55466662549273,3.12474203398136,2.92576513984804,3.85335238383814,0.25475203852034,0.735975122228475,1.51944568988121,1.14172600064583,0.851837649177968,1.10653422535016,4.46357785228549,4.94459747559652,5.04947217389808,4.7225934791444,4.83086953958933,4.63819105307598,3.75125072770021,4.33252580356018
"IX-ET-3",3.96701580431626,4.30927480924024,4.43146295052055,4.54693429892939,4.69652296541705,3.95695118720912,4.70326584840296,4.30286015432667,3.21755284993971,5.18050134064656,6.02499369507547,6.18290185102295,6.35346004404179,3.24936045445987,2.87582778530158,7.33633160506549,7.40814984436546,7.66020427451664,4.72362854993314,4.2754399257459,5.18239462672229,7.5676719723845,4.19102379008312,4.33708850340427,8.16261935115323,7.81380831024998,4.63089913010703,4.95271281345848,7.3864633487294,0.158465085960239,0,2.91690159860532,1.25892864982992,1.91094959099296,1.58700618276687,1.79793632101693,2.09581552270347,3.07232054630546,2.66549901859803,2.41284154350985,2.69469794700502,3.90383381180263,3.81473375707747,4.39620153953249,2.96627694802112,2.7673000538878,3.69488729787791,0.413217124480579,0.577510036268236,1.36098060392097,1.30019108660607,1.01030273513821,0.948069139389922,4.30511276632525,4.78613238963628,4.89100708793784,4.56412839318416,4.67240445362909,4.47972596711574,3.59278564173997,4.17406071759994
"IX-ET-8",6.88391740292159,7.22617640784556,7.23563831798383,7.04225026919962,7.03415975398418,4.08301389541361,6.88591871972606,4.42892286253116,3.3436155581442,6.40868322748245,7.9838422801149,8.14175043606238,8.31230862908122,5.51021911835319,5.7927293839069,9.29518019010492,9.36699842940489,9.61905285955607,4.84969125813763,7.19234152435122,7.14124321176172,9.52652055742393,4.31708649828761,2.76816738048381,10.1214679361927,9.77265689528941,3.06197800718657,3.38379169053803,9.34531193376883,3.07536668456556,2.91690159860532,0,4.17583024843524,2.21241853954068,1.32989541583846,1.1189652775884,0.821086075901854,1.89061112702945,0.251402580007289,0.504060055095473,0.582325690671252,0.986932213197311,0.897832158472144,1.47929994092716,1.78456752874511,0.149601544717524,0.928100019429711,3.3301187230859,2.33939156233709,1.9177993792005,2.65695013114394,3.92720433374353,1.9688324592154,1.87038595961154,1.86923079103096,1.97410548933252,2.05759172996604,2.16586779041097,2.04499916040203,1.15805883502626,1.25715911899461
"IX-ET-1",2.70808715448634,3.05034615941032,3.17253430069063,3.28800564909947,3.43759431558714,3.41763702756953,3.44433719857304,3.76354599468708,2.73246036973925,3.92157269081665,4.76606504524555,4.92397320119303,5.09453139421187,1.99043180462995,1.61689913547166,6.07740295523557,6.14922119453554,6.40127562468672,4.18431439029355,3.01651127591598,3.92346597689237,6.30874332255458,3.65170963044353,4.66281387881785,6.90369070132332,6.55487966042006,4.36900325211508,4.69081693546654,6.12753469889948,1.10046356386968,1.25892864982992,4.17583024843524,0,3.16987824082288,2.84593483259679,3.05686497084685,3.35474417253339,4.185464800854,3.92442766842795,3.67177019333977,3.95362659683494,5.16276246163255,5.07366240690739,5.65513018936241,4.22520559785104,4.02622870371772,4.95381594770782,0.84571152534934,1.83643868609815,2.61990925375089,2.07436282227328,0.248625914691712,2.20699778921984,5.56059529969012,6.0450610394662,6.14993573776776,5.81961092654903,5.92788698699396,5.38598209889962,4.85171429156989,5.43298936742986
"IX-ET-17",4.93792750732872,5.28018651225269,5.19862601878638,5.00523797000218,4.99714745478673,2.04600159621616,4.84890642052861,2.39191056333371,1.30660325894675,4.371670928285,5.94682998091745,6.10473813686493,6.27529632988377,3.47320681915574,3.84673948831403,7.25816789090748,7.32998613020744,7.58204056035863,2.81267895894018,5.24635162875836,5.10423091256427,7.48950825822648,2.28007419909016,2.50996273802909,8.08445563699522,7.73564459609197,2.80377336473185,3.12558704808331,7.30829963457138,2.0694146769532,1.91094959099296,2.21241853954068,3.16987824082288,0,0.88252312370222,1.09345326195228,1.39133246363882,1.24519478093028,1.96101595953339,1.7083584844452,1.99021488794037,2.78298385660622,3.11025069801282,3.69171848046784,1.35123837921462,2.06281699482315,2.20770588853001,2.32416671547354,1.33343955472473,2.11691012237746,2.14804602810449,2.92125232613117,0.962880451603042,2.69007419751874,3.74837367337672,3.85324837167827,2.94908982437765,3.05736588482259,2.86468739830924,1.97774707293346,3.05321076240353
"IX-ET-5",5.55402198708313,5.8962809920071,6.01846913328741,5.88776109370439,5.87967057848895,2.92852471991838,5.73142954423083,3.27443368703593,2.18912638264897,5.25419405198722,6.82935310461967,6.98726126056715,7.15781945358599,4.35572994285796,4.46283396806844,8.14069101460969,8.21250925390966,8.46456368406085,3.6952020826424,5.86244610851277,5.98675403626649,8.3720313819287,3.16259732279238,2.7500823206374,8.96697876069743,8.61816771979418,3.04389294734016,3.36570663069162,8.1908227582736,1.74547126872711,1.58700618276687,1.32989541583846,2.84593483259679,0.88252312370222,0,0.210930138250061,0.508809339936603,1.48531436353859,1.07849283583117,0.825835360742983,1.10769176423815,2.31682762903577,2.2277275743106,2.80919535676562,1.37927076525426,1.18029387112093,2.10788111511104,2.00022330724745,1.00949614649863,1.28244916126844,1.82410261987839,2.59730891790507,0.638937043376945,2.71810658355838,3.19912620686942,3.30400090517097,2.97712221041729,3.08539827086222,2.89271978434887,2.0057794589731,2.58705453483307
"IX-ET-7",5.76495212533319,6.10721113025716,6.22939927153748,6.09869123195446,6.09060071673902,3.13945485816844,5.94235968248089,3.48536382528599,2.40005652089903,5.46512419023728,7.04028324286974,7.19819139881721,7.36874959183605,4.56666008110802,4.6737641063185,8.35162115285975,8.42343939215972,8.67549382231091,3.90613222089246,6.07337624676283,6.19768417451655,8.58296152017876,3.37352746104244,2.96101245888746,9.17790889894749,8.82909785804424,3.25482308559022,3.57663676894168,8.40175289652366,1.95640140697717,1.79793632101693,1.1189652775884,3.05686497084685,1.09345326195228,0.210930138250061,0,0.297879201686542,1.69624450178865,0.867562697581107,0.614905222492922,0.896761625988089,2.10589749078571,2.01679743606054,2.59826521851556,1.59020090350432,0.969363732870872,1.89695097686098,2.21115344549751,1.22042628474869,1.07151902301838,1.81066977496182,2.80823905615513,0.849867181627006,2.8392369170428,2.98819606861936,3.09307076692091,3.09825254390172,3.20652860434665,3.0138501178333,2.12690979245753,2.37612439658301
"IX-ET-18/21",6.06283132701973,6.4050903319437,6.52727847322402,6.396570433641,6.38847991842556,3.43733405985498,6.24023888416743,3.78324302697253,2.69793572258557,5.76300339192383,7.33816244455628,7.49607060050375,7.66662879352259,4.86453928279457,4.97164330800505,8.6495003545463,8.72131859384626,8.97337302399745,4.204011422579,6.37125544844937,6.4955633762031,8.8808407218653,3.67140666272898,2.84389591589305,9.47578810063404,9.12697705973079,3.13770654259581,3.45952022594727,8.6996320982102,2.25428060866371,2.09581552270347,0.821086075901854,3.35474417253339,1.39133246363882,0.508809339936603,0.297879201686542,0,1.57912795879425,0.569683495894565,0.31702602080638,0.598882424301547,1.80801828909917,1.718918234374,2.30038601682902,1.47308436050991,0.67148453118433,1.59907177517444,2.50903264718405,1.51830548643523,1.12880231502852,1.86795306697196,3.10611825784168,1.14774638331355,2.54135771535626,2.69031686693282,2.79519156523437,2.80037334221517,2.90864940266011,2.71597091614676,1.82903059077099,2.07824519489647
"IX-ET-15",5.08432867949672,5.42658768442069,5.34502719095439,5.15163914217018,5.14354862695474,2.19240276838416,4.99530759269661,2.53831173550171,1.45300443111475,4.51807210045301,6.09323115308546,6.25113930903293,6.42169750205177,3.61960799132375,3.99314066048204,7.40456906307548,7.47638730237545,7.72844173252663,2.95908013110818,5.39275280092636,5.25063208473228,7.63590943039448,2.42647537125816,1.26476795709881,8.23085680916322,7.88204576825997,1.55857858380157,1.88039226715303,7.45470080673939,3.2307856322657,3.07232054630546,1.89061112702945,4.185464800854,1.24519478093028,1.48531436353859,1.69624450178865,1.57912795879425,0,1.9918993868796,1.89615397960063,2.17801038309579,1.53778907567594,2.78844328550159,3.36991106795661,0.106043598284337,1.89009835158984,0.962511107599734,3.48553767078604,2.49481051003722,2.70793027382277,3.30941698341699,4.08262328144367,2.12425140691554,1.44487941658846,2.50317889244644,2.60805359074799,1.70389504344737,1.81217110389231,1.61949261737896,0.732552292003184,1.80801598147324
