"","CH-CL-28","CH-CL-21","CH-CL-22","CH-CL-24","CH-CL-20","CH-CL-19","CH-CL-16","CH-CL-12","CH-CL-14","CH-CL-50","CH-CL-8","CH-CL-47/48/49","CH-CL-51","CH-CL-9/10","CH-CL-52","CH-CL-56","CH-CL-54","CH-CL-3","CH-CL-46","CH-CL-55","CH-CL-4","CH-CL-7","CH-CL-11","CH-CL-13","CH-CL-15","CH-CL-17","CH-CL-18","CH-CL-25/26","CH-CL-27","CH-CL-29","CH-CL-39","CH-CL-41","CH-CL-42","CH-CL-43","CH-CL-44","CH-CL-45","CH-CL-53","CH-CL-35","CH-CL-36","CH-CL-1/2","CH-CL-37","CH-CL-38","CH-CL-34","CH-CL-5","CH-CL-40","CH-CL-31","CH-CL-32","CH-CL-33","CH-CL-30","CH-CL-23","CH-CL-6","IX-CL-17","IX-CL-30","IX-CL-3","IX-CL-6","IX-CL-8","IX-CL-2","IX-CL-16","IX-CL-31","IX-CL-32","IX-CL-35","IX-CL-9","IX-CL-18","IX-CL-19","IX-CL-22","IX-CL-23","IX-CL-5","IX-CL-29","IX-CL-24","IX-CL-26","IX-CL-7","IX-CL-10","IX-CL-33","IX-CL-13","IX-CL-37","IX-CL-15","IX-CL-36","IX-CL-11","IX-CL-4","IX-CL-1","IX-CL-14","IX-CL-20","IX-CL-27","IX-CL-28","IX-CL-12","IX-CL-34","TX-CL-13","TX-CL-2","TX-CL-4","TX-CL-14","TX-CL-1","TX-CL-3","TX-CL-5","TX-CL-6","TX-CL-7","TX-CL-9","TX-CL-10","TX-CL-11","TX-CL-12","IX-CL-25","XO-CL-5"
"CH-CL-28",0,2780.07531759251,2164.64056467166,1124.63806797778,3811.77734847476,5139.17102613341,8256.58909538154,10588.4954312864,13039.4496264942,10222.9450992196,13916.6470136457,12066.1613477117,16241.6163798823,11706.7700261297,15298.7066973895,19442.8994353892,16771.0635959383,18490.3170653565,10215.0443890388,18419.8314960164,17225.3916971974,17517.3196506315,10124.9249059346,12146.4802660243,12179.4268282966,7148.7349967495,6914.31857144135,2457.77920293952,300.920937717954,939.626195354282,7916.56713462767,6205.46597046348,10427.7554213006,7719.99451575232,5372.84028967105,4855.43244363845,16028.7787358764,10234.5893597148,9741.07724974219,19944.8435443883,9182.22824527665,9791.15885753056,7150.39600925667,17304.0815723451,4614.83096567805,2832.80187632523,3448.87047053239,3903.06677552947,1693.1839653755,2185.35952480581,16820.588399174,28506.3067152303,29108.6370164016,21970.7869831227,27128.2150083258,26754.2569260286,26876.7878396371,27127.0038217464,28122.8284012845,28848.014046049,26005.7719449671,25460.475721781,24159.6080989888,22148.4611889276,23311.7543064268,24374.0859106724,27349.2155254173,28630.3950096015,23455.7542127322,22339.7142956117,22726.5486039465,28488.4265445946,29979.5436909545,27427.403712715,32278.9418606637,34171.4096487943,32824.6096928693,24863.1386888389,23277.4244240748,24221.4527139963,27479.4224306432,21130.8690292254,22591.0160160676,23235.8209938226,28862.1655110305,24945.868951963,28712.0856855312,29838.0212828457,33530.058022051,29470.9563963331,28222.3947674265,33833.6004866155,30326.7247860313,29938.7427607474,31269.4224157196,31034.0506697312,31530.0609118272,29125.1014369376,28396.7171940015,26976.9207042087,31084.7399816384
"CH-CL-21",2780.07531759251,0,978.318209979436,3206.17970887402,1191.23346113957,2527.7904893906,5925.97423577889,7823.96981254832,10400.1352564015,8605.6901040141,11159.6917708773,9978.00053172222,14238.1033076693,8947.28836809177,14681.7740530111,18394.0514210587,16098.6114317116,15823.2598160997,8086.82866810089,17442.9912799472,14517.6367755045,14753.2696145985,7350.79850474902,9373.64802193976,9621.47431291323,4718.4323128087,4459.09286013753,5152.90374935288,2573.98393505736,3460.9377658481,7919.77596283047,7187.34332510288,11686.5722400052,9780.69655219212,6677.10041928183,7627.11923468152,15385.5010421149,9217.49951648407,8977.44910505068,17297.1959152516,8777.39400835072,9672.33830922695,6552.95043097879,14554.2908410678,5473.00979473886,4106.43648052294,3561.72205649366,3559.10587486305,2962.67712074419,2179.01857506626,14041.051482742,26062.481040993,27527.2491698529,19515.944341194,24354.4800836957,23985.6019305723,24230.871228437,24635.445357887,26356.1003467979,27131.227045485,24710.3830288195,22721.5021154385,21591.985941703,19595.2419682503,21156.7802624753,22284.5981986402,25309.4116854247,26743.4020668277,21473.0635311428,20583.3686437631,21143.025198382,26810.0163867502,28271.7836105529,26239.0451366977,30896.6504392729,32905.7530941816,31618.8973728886,22125.6549361351,20584.5361313292,21490.5302916834,24859.8936782024,18818.8133781245,20941.7958832589,21667.3429659199,27219.9114446376,23586.907877025,26047.410188196,27319.0025620865,31188.3335518239,26822.774538725,25597.7419517156,31323.7570569801,28100.0713761934,27676.506380432,28520.6436411503,28329.4021128576,28913.5580690514,26369.163092842,25638.596179444,24796.2299267084,30150.8260901055
"CH-CL-22",2164.64056467166,978.318209979436,0,2333.31782893996,1687.66562667271,2983.79870024666,6132.03122869674,8489.39401666956,10875.7602963951,8417.45394153238,11979.6996016496,10042.8689700763,14266.5195685679,9767.74545420047,14142.1936236688,18011.1292886043,15581.2184867856,16328.4056824464,8168.09109750888,17031.9917688149,15073.5477326671,15555.849454106,8049.18516722976,10062.0102465104,10017.3152597444,4997.02617628068,4757.87244814895,4364.51513874152,1900.45268580521,3002.74825290405,8485.41479350932,7438.90878315675,11886.8284447748,9642.35344862216,6807.19537843004,6985.89081691066,14856.6137322466,10045.7822803304,9749.37966335879,17780.8665669292,9461.42388841544,10289.2594351918,7259.79674078801,15177.5536055885,5725.83578298317,4156.83459774184,3962.47032779044,4104.15004541755,2899.57810655803,2437.75492606404,14761.6477480449,26372.2810677377,27368.6180748084,19831.9253705542,25035.017352655,24649.1319631256,24712.4343368332,24980.7335108677,26280.4079771169,27032.8977221319,24430.6635072106,23321.9330496135,21999.179885512,19989.6823452167,21278.5602872844,22370.133490876,25369.9476867479,26726.0727035582,21500.3091763018,20497.0747367937,20978.7048011849,26693.9147825817,28170.1460217474,25919.6476960982,30657.078195262,32621.4183973361,31310.6999827142,22723.7195816502,21119.5731353143,22078.1130481147,25314.9766990967,19035.1476435858,20806.4843507303,21497.1176843122,27087.876155623,23331.1995983265,26548.9845249073,27686.3352681983,31429.0644951779,27306.6412901855,26057.8304083329,31684.3094137205,28267.872766547,27865.7715798105,29137.4578183646,28878.4925859477,29365.8076822574,27000.689192705,26275.0116891613,24935.3032475571,29742.7608923895
"CH-CL-24",1124.63806797778,3206.17970887402,2333.31782893996,0,3999.95873145118,5223.67889360432,8030.21276915759,10776.9602648492,13001.3137698448,9606.18949822392,14313.0147061405,11637.8914367053,15735.8942760272,12101.0070747685,14333.9376954258,18568.0882832665,15812.6168722716,18460.4876000407,9832.87972408399,17529.1127445082,17259.3764446071,17887.948464549,10354.3943403416,12357.7801307252,12065.0015570068,7017.52954201659,6807.71210198268,2080.672157553,995.319004845591,1857.24266317133,9040.70735496816,7267.14615209328,11395.5597080573,8442.19395581078,6392.48386426218,4862.55022106356,15066.7325874458,11314.6257804701,10843.2014508909,19885.7411167112,10302.7139174399,10915.5612626137,8254.71141132273,17420.8304465894,5712.77133719509,3926.49680731068,4562.24578785859,4991.82437154854,2817.76691735803,3223.15101357813,17067.8232971627,28231.4923913328,28380.7476280737,21718.9653565692,27311.3279279722,26913.4915629488,26800.7880828784,26893.7818193722,27469.5078464094,28172.8775122249,25186.4907556436,25535.3226134205,24002.0186774901,21981.6193394712,22857.3373089317,23880.9803981771,26823.4983062055,28028.5778029278,22910.5822124635,21695.6136908584,22013.1324645923,27798.6118537145,29298.8931410974,26573.4904773407,31477.5187289626,33331.3882961073,31968.3819223419,24935.5679301144,23272.3389942209,24281.0762674254,27370.9243862926,20778.5735187553,21903.0224211774,22515.434541757,28157.6325401169,24148.8934073217,28657.7906443122,29624.4965243581,33172.6640642089,29394.0977050106,28118.6940585333,33606.7286383222,29899.5327095995,29534.1340792012,31361.1494186419,31036.7201241723,31412.5953353224,29238.3638389982,28517.1990629715,26528.521767909,30158.1288139067
"CH-CL-20",3811.77734847476,1191.23346113957,1687.66562667271,3999.95873145118,0,1351.64821626598,4738.58294533911,6802.01553829091,9255.08013967202,7553.02663190301,10334.6863003192,8810.18010818408,13075.1897470315,8126.93263757641,13892.9282401627,17446.1503142027,15281.1220542256,14694.2286021402,6918.36701919845,16520.4872215689,13415.311410835,13896.2992785679,6362.53982569891,8374.40978498996,8449.0371774593,3527.33953494532,3267.86919322968,6049.54184281505,3566.19633676696,4576.9945978728,8813.40748257261,8298.01748735707,12804.7186055306,10971.8489729127,7832.96728670922,8659.35816044605,14582.5108078139,9727.57351264675,9596.20252652542,16158.8475221525,9529.4472055233,10498.7215018449,7300.71498423728,13497.8841647606,6594.1327520258,5289.06065799763,4640.73966740606,4544.79445875572,4153.60045570391,3344.33344956503,13075.7476326607,24877.5473758147,26426.711026004,18331.2143232621,23347.8818978494,22963.5167047127,23093.0498869662,23456.1525371309,25220.4961396797,26004.1788537175,23679.6692115682,21649.6533263162,20427.0920397869,18426.4172031404,19972.1134329783,21105.3692831185,24134.4012916358,25587.864514492,20306.6698447461,19454.6272362729,20049.0336686614,25690.4783286921,27145.6740591122,25233.8986177014,29837.6379627211,31873.2786242412,30602.7585532707,21052.0869427996,19471.9550808755,20409.7549676073,23711.4944469245,17627.6047904856,19833.9880095924,20575.9179744631,26107.1701482551,22541.9175381861,24918.8110715679,26144.5619668213,29997.6389679095,25686.2929224432,24451.3577087782,30148.1433943049,26910.3126609099,26485.7123039726,27461.0831701754,27225.6943012784,27764.5839397418,25320.6350209611,24593.8759994547,23609.0795328396,29210.6610232101
"CH-CL-19",5139.17102613341,2527.7904893906,2983.79870024666,5223.67889360432,1351.64821626598,0,3474.95307285019,5560.16179631521,7908.26025402012,6619.28272291164,9275.08161831005,7602.45624852634,11870.4666378699,7093.16071214966,13330.7823235842,16627.9788371602,14668.9052392025,13353.0744739094,5717.8576807333,15745.1473029473,12089.8003160261,12786.1668571473,5160.86899240999,7145.71928631031,7098.04189094964,2235.71500274812,1967.95651612908,7298.64093884132,4882.76958349886,5924.41475905499,9716.27626313643,9469.56369230436,13972.2107186246,12291.9173150283,9072.36163081845,9968.95780034354,13995.407958069,10184.489900998,10177.2708504778,14813.3453831901,10262.0650124954,11306.5588513387,8063.94099148625,12205.4033247844,7789.63017580806,6584.3308858301,5807.91671351584,5619.94269046494,5485.0521896209,4624.4229888195,11862.9362121332,23535.0320898788,25338.5736138142,16988.4731732533,22087.6505804251,21691.1646844395,21747.1722780554,22108.3436432947,24065.6412687527,24866.0180679276,22715.2237354017,20340.9943584879,19075.4460252249,17075.0058724079,18696.9297565394,19848.3540542155,22888.7620768675,24390.1106854608,19085.7199680831,18318.5272938485,18979.4120922486,24567.1740061368,26008.6814315944,24309.0050678968,28819.8240305677,30897.9161782342,29654.7163256095,19742.4414354829,18138.3352444884,19095.4385582709,22362.185405854,16312.8511377962,18738.6838861308,19510.3113369198,24996.5566747967,21555.1695358061,23576.5756999941,24794.4583139888,28670.8580448399,24340.7829272559,23102.5821871747,28798.494304382,25609.9031838802,25176.9786785673,26159.3868427235,25895.8683190781,26415.0318588732,24027.3670274714,23303.6301030672,22322.7846513154,28381.6239673923
"CH-CL-16",8256.58909538154,5925.97423577889,6132.03122869674,8030.21276915759,4738.58294533911,3474.95307285019,0,4279.12892648209,5183.33260180717,3811.44372453176,8438.61481095917,4146.68236853247,8407.25865247307,6624.34371421264,11076.4887044895,13734.032626886,12258.0025188944,10565.342301107,2288.98525899377,12951.4743092868,9516.09239105619,11505.1379166327,4255.55757644429,5660.84442520334,4108.73251541642,1246.56737382013,1517.06009126639,10067.2393576227,7969.52534079753,9131.47987486652,13026.4345352474,12940.1288868813,17438.9993463277,15700.1465540195,12544.5402782528,12892.5363586629,11661.1491847464,12971.2196796654,13131.2614186989,11936.8784979165,13396.1348334726,14508.8375789291,11268.8618275803,9918.15929903885,11264.2502742747,10027.3209733493,9281.13342340483,9071.50537782043,8879.00563602706,8076.91983993609,10104.3091537884,20249.8044751466,21964.090819183,13716.5983630194,19844.6086519003,19378.8136564935,18814.6850633894,18880.2338903278,20627.1780403553,21441.0737094649,19516.3569627502,17793.0488080323,15973.5657590023,13952.1522414111,15234.56702436,16376.419500633,19414.3737310201,20924.4999380628,15612.9061996898,14902.1408554664,15638.926826374,21156.2938059564,22584.0191942141,21168.4957520247,25528.778697471,27663.4518103138,26463.3449201204,17192.2307989588,15386.8177358316,16514.0474976148,19360.0167889459,12911.411933026,15366.4707680942,16173.6823832094,21598.0336148644,18325.49179643,20689.8650699835,21602.1981291856,25299.8529919223,21403.9104858106,20110.1094736033,25590.9148935153,22176.1045306696,21758.2496342398,23623.3839111956,23136.0115702578,23394.6265062298,21561.9102975544,20863.4424798517,18870.5701318976,25391.5791345223
"CH-CL-12",10588.4954312864,7823.96981254832,8489.39401666956,10776.9602648492,6802.01553829091,5560.16179631521,4279.12892648209,0,3339.04763305531,7566.45709573233,4163.12710884927,6318.14967730778,9733.46803373534,2461.76504241677,14789.1499732158,16634.6545295994,15801.4510054985,8264.09217640492,5312.51720724897,16032.4123901018,6827.28339506839,7392.30209719793,589.457217032,1588.87237701886,3388.29494543621,4373.53602263706,4440.70103717319,12844.1322652018,10357.2576999853,11276.0407740434,12674.826808067,13526.5689523598,17774.4108972828,17039.2577122002,13462.2648724852,15443.8569917788,15290.9459298046,11389.8170586446,11856.6859634542,9783.10145796263,12506.3851822334,13725.7213991949,10745.8064708134,6742.54028351356,12074.7616424466,11392.1275355841,10192.0315914218,9741.89906463926,10548.9462559826,9523.94935460428,6307.58642987403,19094.9861153399,23359.8468928282,12670.9131837195,16546.0035931006,16165.9861469155,16649.2232634237,17534.4780212273,21638.9299161392,22543.6645462086,21606.5934144008,14918.4126550299,14285.8550585139,12379.6626469631,15356.155616349,16660.6770388678,19723.6203025883,21613.2926597851,16275.1453011764,16248.232089921,17355.5584383295,22361.3992300815,23666.8415527173,23379.3638216696,27218.8502483113,29514.7168413815,28456.5908869611,14325.4805240848,12890.9005392409,13702.8777796272,17351.0892054957,12557.9005900229,16947.571527339,17888.5052457195,22870.1992440099,20354.4774693151,18404.8564473937,20094.2943166574,24469.0049233232,19220.9993628032,18068.7280530129,24089.8049426227,21805.2887627154,21274.4699272745,20702.9596113652,20584.8364159223,21388.5077259231,18546.5233311454,17815.1048918408,18748.3524549748,27870.489255059
"CH-CL-14",13039.4496264942,10400.1352564015,10875.7602963951,13001.3137698448,9255.08013967202,7908.26025402012,5183.33260180717,3339.04763305531,0,6875.1171428989,5419.76258180448,4560.57975328521,6866.96864282081,4976.88553204049,13401.278628185,14381.3843218724,14170.4433406966,5459.80916848325,4654.49596430869,13943.2789859544,4332.85848767479,7287.33100352873,3918.52099002782,2913.08566316424,1240.14372654327,6000.54498706891,6197.13020563482,15075.3100134309,12775.0087010112,13831.858109286,15972.775684557,16665.9279803468,20995.5871800774,19989.9150412294,16513.9731233867,17833.2540625356,13779.5871066472,14710.8946210049,15193.3315896966,6905.65107201344,15842.5701164017,17060.1713307504,14050.2805139974,4813.81791157772,15140.1736124592,14272.6270483743,13198.3717956126,12807.4896153066,13298.7013531093,12336.2003530912,5454.22385853166,15888.93018727,20229.1939598018,9402.09556770138,14682.4556078776,14204.7857107534,13839.0008208755,14374.7123987071,18417.6069598452,19338.6450942755,18760.0035680443,12616.972562867,11225.8483702505,9256.84778667601,12029.9262956091,13344.457082496,16400.9396629369,18330.7197396116,13016.3837780872,13171.7770505541,14401.5948653952,19183.1459488509,20451.7168102454,20572.5346880274,24161.8887534602,26505.4261881286,25510.1665295665,12015.8876661534,10272.6028081446,11342.1792603591,14459.7612147521,9218.89238745981,13945.799517027,14925.2780024625,19706.9752629825,17494.3364618182,15673.6451123905,17000.3634878856,21207.7498668482,16432.767351779,15197.89926937,21007.704511772,18478.8927509554,17957.0751844635,18449.9857143792,18036.8097904713,18513.4394652014,16379.8374133346,15680.2575539187,15409.3619383923,25166.8206594685
"CH-CL-50",10222.9450992196,8605.6901040141,8417.45394153238,9606.18949822392,7553.02663190301,6619.28272291164,3811.44372453176,7566.45709573233,6875.1171428989,0,11516.3018899812,2824.68779201194,6245.76765815352,10026.229527589,7303.64950040402,10037.9301297478,8450.59600539967,11321.1155833969,2326.6981894687,9200.98312416278,10750.2060366474,14073.6924094933,7723.13136017337,8597.16276645922,5645.99611210053,4781.15957949662,5007.50741693428,11356.0379887937,9922.54810482648,11162.0039223033,16318.4047246133,15787.1273799868,20274.6177207835,17942.4100924816,15215.9166015842,14198.684893891,7866.15616885042,16643.2800180856,16727.2897655533,12405.4450302685,16873.6293647186,17925.8351321291,14682.4818905151,11536.558014628,14069.5895802993,12572.7900865044,12164.2540276022,12097.7885754825,11315.8444284462,10752.0358656569,12324.5860764788,19284.1775271313,18951.5909673196,13017.2546909096,21032.65423089,20481.3296162597,18845.8319551946,18140.8903002123,17900.5398983913,18633.3739353977,16127.8519391361,18581.8939873853,15695.5280286072,13708.2950932163,13409.3226452071,14353.9339650072,17248.1909981837,18424.1538561453,13323.0451649994,12116.8794958231,12561.8133113793,18284.4670857804,19767.7198564488,17697.8728461228,22291.975290447,24320.6165873884,23056.330011651,17998.2638591111,15910.5185704423,17293.5564188982,19217.9605297821,11670.0887423997,12392.2568539041,13081.3575819305,18672.7133601814,14989.4131363025,20767.826597836,20908.9342839864,23904.5325323887,21357.5370231712,19970.5064245295,24782.6089626579,20473.2148243613,20161.5447478831,24281.2721369636,23410.7177389973,23117.0492615085,22377.3795481606,21735.2442283105,17072.1820270733,21772.9342975781
"CH-CL-8",13916.6470136457,11159.6917708773,11979.6996016496,14313.0147061405,10334.6863003192,9275.08161831005,8438.61481095917,4163.12710884927,5419.76258180448,11516.3018899812,0,9751.55789857989,12211.663826906,2212.92383034684,18547.2349471548,19798.393377948,19431.061893389,7586.03832621506,9196.37553980207,19339.5409635562,6004.0589196039,3610.37713508441,4300.97521591175,2920.52202056867,6314.04013741638,8480.51945510496,8514.22933299393,16311.4719005263,13729.6288100137,14456.5051727943,13898.3364820836,15475.203114046,19262.2293027528,19379.5491520889,15673.3057292159,18690.6159746468,18986.7885410307,11527.1387257138,12268.2054348462,8994.0798805438,13238.196956,14447.9434907785,12026.7771336886,5153.08153627429,14310.624667799,14076.5796718897,12679.0211306221,12111.6560043087,13497.0463422387,12429.1680735714,3549.2304276258,18611.8324729721,25135.8673372209,12755.2756413228,13662.9430500124,13410.653256344,15175.8015663268,16928.9067899275,23127.9845365824,24085.1443752325,24014.9758517149,12667.9063333748,13523.0721883901,11926.8786410003,16344.3689942751,17715.0940496923,20649.6243774883,22814.3813171752,17688.2550133906,18239.6667368523,19596.287986712,23998.4174428281,25159.1746233858,25847.3264069501,29167.7231223197,31566.9652227012,30649.1055131086,12120.88185344,11278.0241380172,11613.4490148075,16021.2264343914,13340.0024877962,19096.6351085752,20106.6009737558,24551.4536791865,22745.7420913539,16705.1761106697,19192.2845438851,24120.4900386522,17605.1449852938,16665.8390120016,23058.0783529653,22001.9809418658,21379.8957730122,18169.2178408743,18492.797073845,19892.3301301173,15959.6866841602,15211.4397083749,19313.6947335389,30488.2416347878
"CH-CL-47/48/49",12066.1613477117,9978.00053172222,10042.8689700763,11637.8914367053,8810.18010818408,7602.45624852634,4146.68236853247,6318.14967730778,4560.57975328521,2824.68779201194,9751.55789857989,0,4268.74589349016,8688.25487089884,8850.44435645738,10318.0656044381,9680.5264435797,8523.02601187106,1891.81606804925,9722.55913055854,8047.75540101149,11841.790664204,6668.85270870001,6899.488167463,3459.39311347103,5391.77202386213,5662.00893511742,13547.8959790732,11768.042896716,12982.9434591712,17149.2749655671,17071.2774814168,21574.6649143616,19683.8950827781,16642.761496758,16414.4519310328,9252.65982548426,16851.8784423838,17098.7079105673,9582.24966475908,17448.4765974825,18586.6104516087,15361.0461617118,8929.79248940713,15384.9577700442,14080.8239160124,13408.0509201713,13214.4566042647,12888.7229053697,12152.2270273203,9946.72944526179,16732.5595799734,17852.1986806325,10343.3798126966,18247.1528679572,17686.2800678293,16053.4907057842,15509.0179252796,16481.0250171279,17298.6229733696,15591.422110086,15763.3706692448,12940.2650009904,10937.6183191688,11245.7889343517,12327.5610440508,15336.6147107314,16788.1633656296,11496.4985756358,10766.3515262496,11569.3326427129,17020.4902507088,18441.4909847732,17304.0882928098,21486.0261668552,23672.848760522,22520.4488817748,15181.4847944893,13085.9559807698,14476.2353912523,16451.1654444323,9178.25879956668,11265.60961679,12106.4035474927,17469.3593082415,14370.3607852587,17973.6607700182,18273.6294733926,21548.4125988589,18580.8745257783,17205.2455708164,22193.9983749346,18268.0383396886,17896.3911977289,21456.5918760245,20600.6820536754,20384.4226909248,19556.8058436735,18918.0335492906,14911.0173681035,21683.4430265963
"CH-CL-51",16241.6163798823,14238.1033076693,14266.5195685679,15735.8942760272,13075.1897470315,11870.4666378699,8407.25865247307,9733.46803373534,6866.96864282081,6245.76765815352,12211.663826906,4268.74589349016,0,11787.451040409,8653.18136215762,7944.35471662425,8827.46469773579,7901.06394796833,6158.75200650652,7782.25033474715,8256.95626186013,13249.0454176868,10211.4783404487,9754.96331501508,6358.69747978724,9653.76245457035,9924.23868598951,17562.3388065191,15941.4779881677,17169.0395526539,21361.7455360594,21339.7441495264,25842.500298873,23906.5403699522,20908.135079794,20417.7891192598,8722.64488837297,20847.2292945194,21164.4735074147,8317.69638425873,21587.975651515,22747.8720672381,19543.9465651064,9475.40471711422,19653.6068664364,18336.1373203299,17676.7190269103,17478.6719091826,17132.5260792751,16414.7187456366,11143.8582078797,13233.8070980566,13732.9455736489,7378.09001057311,17125.5560074588,16483.1431032455,13606.4749018175,12248.742384916,12244.5823106773,13083.9917719136,11911.0175684654,14268.3385116278,10297.4687568729,8497.86407824013,7164.13127138134,8145.16992010434,11108.6066698424,12519.6623616038,7237.23098320525,6602.89767352188,7622.33175025637,12832.5980432083,14225.2133601336,13712.8506062062,17507.5583590175,19784.0722227612,18725.7231074805,13748.7856792278,11450.416616284,13061.6279239171,13789.4893141803,5655.42030153515,7227.80865878852,8155.84041999977,13303.8394982188,10649.7389475327,15501.7020817326,14992.8741303979,17677.605094345,15950.1449708463,14518.1569855952,18754.1415773729,14228.2154527107,13917.6634936623,19536.9923469104,18264.3941343463,17463.6547752224,17897.5577420771,17356.7520218611,10829.9736024541,18300.5922459464
"CH-CL-9/10",11706.7700261297,8947.28836809177,9767.74545420047,12101.0070747685,8126.93263757641,7093.16071214966,6624.34371421264,2461.76504241677,4976.88553204049,10026.229527589,2212.92383034684,8688.25487089884,11787.451040409,0,17247.5781947531,18973.4501435122,18245.9574955358,8682.58588943279,7772.5967925846,18409.4898534882,7100.33757019258,5811.63645443977,2368.82545672272,2069.72781658089,5482.3126752306,6480.39853743948,6480.99350374602,14098.7157136377,11517.9786029525,12257.2494411002,12173.2945822325,13528.4104128194,17483.340290385,17345.6029264552,13656.0385856832,16491.0038330353,17743.7502991082,10213.5759562818,10844.1780362417,10183.120081788,11693.2909701035,12920.6217762741,10258.7726479419,6566.30257608879,12278.6463768415,11945.3578342795,10578.2599046025,10031.4710493874,11321.2785184566,10254.9520209154,5403.10550515783,19779.1184674267,25195.7536888191,13605.9947386776,15716.8622382242,15426.1436216686,16742.3594210209,18139.8835981868,23340.8807549674,24272.7043104007,23698.2880529952,14511.865391125,14773.8283980154,13017.6779531387,16785.0063839861,18131.8045889454,21150.2083174271,23181.1090545673,17915.0391503354,18148.5224200118,19366.1080930787,24132.7739795146,25377.2799972619,25498.0524300435,29138.382509616,31481.4753466357,30478.2487926241,13943.9849603698,12863.9723060592,13389.5398997029,17535.4459690482,13855.120208513,18918.3744058986,19892.0807129835,24662.9291932097,22436.0183439092,18370.7508579691,20546.5048123233,25252.8199941973,19243.0909996666,18213.9437871306,24483.920492876,22871.5742938452,22290.1611770989,20135.0063662574,20312.0444609699,21494.1908559274,17934.3887269389,17188.3856564177,19989.3342161494,30051.9968283987
"CH-CL-52",15298.7066973895,14681.7740530111,14142.1936236688,14333.9376954258,13892.9282401627,13330.7823235842,11076.4887044895,14789.1499732158,13401.278628185,7303.64950040402,18547.2349471548,8850.44435645738,8653.18136215762,17247.5781947531,0,4800.72991189378,1485.34981286535,16342.902231779,9477.17833508375,3689.85374058986,16356.8044369088,20655.0981208542,14992.8553590042,15647.1957982242,12304.8637747211,11898.7490667591,12086.396827388,15378.0347185291,15032.6074066842,16172.8096157476,22596.2673467135,21450.7527891399,25721.304990749,22594.5154813333,20667.9158129599,17803.3091287912,735.022898949727,23513.5019369404,23465.1399103879,16929.871368939,23417.7009092641,24351.2376849937,21187.2183509584,17428.5606890951,19777.7170068156,18061.1945685201,18104.179812497,18216.0829496697,16798.4580390701,16571.9681354963,18695.8472415238,20716.8883460733,15466.3858727245,15751.9965299516,25770.348802117,25132.2483471335,22044.2651492089,20107.4224294708,15400.2187164689,15814.4280625554,11562.260894993,22920.4956903957,18721.8608558654,17053.9884661012,13918.6066530732,14230.6200391445,16331.0504470921,16501.500821119,12747.8269175371,10434.9629588168,9791.2846811927,15307.1499495162,16815.0709613803,12643.8387232618,17825.9752788793,19394.9228096482,17951.9646081023,22401.9554405757,20102.0886640598,21714.2798076607,22106.6871701582,13735.9516052248,10024.7275792613,10140.4598298567,15490.4525700388,10778.0967719245,23892.0821013133,22703.9334179538,24102.0280775411,24238.6386738052,22801.4541465753,26091.322246104,20282.4990216744,20232.0021291998,28103.8909959226,26683.2288710884,25491.1454554954,26526.9646206127,25999.2106786987,17043.2579085169,15863.125562589
"CH-CL-56",19442.8994353892,18394.0514210587,18011.1292886043,18568.0882832665,17446.1503142027,16627.9788371602,13734.032626886,16634.6545295994,14381.3843218724,10037.9301297478,19798.393377948,10318.0656044381,7944.35471662425,18973.4501435122,4800.72991189378,0,3536.41866350329,15711.159113957,11654.3794823887,1114.16396814848,16192.0585699048,21161.4445901893,16982.8569674386,17085.7782593931,13550.6817105879,14801.0297552507,15035.9533742781,19821.9171882017,19159.5288465175,20355.4928554162,26259.4664418014,25442.6168038064,29836.8334526264,26966.4727823057,24745.0690760559,22372.3806793857,4164.50874244428,26673.1623228768,26764.9995375604,15867.2655611222,26889.6568275157,27917.4667382288,24684.3556954842,17418.6556491833,23734.6925781397,22095.3226383982,21931.7451390568,21948.8305672456,20817.5955623918,20440.0579389598,19067.2917289164,17433.1070792665,10676.4212306897,13608.0380655465,24323.0861569651,23644.1656656021,19703.7476536447,17145.1358143997,10768.5842387972,11106.1660414864,6796.57668820026,21301.8332003603,16484.5140817603,15165.9573178231,10671.6775096075,10609.0607570627,12187.2623173443,11994.7057544583,9055.61257686299,6480.06557970773,5381.68467285644,10579.2147772104,12071.2951824345,8022.98380865787,13098.2295169809,14797.0644492543,13407.7879264019,20857.1825558607,18542.0598425058,20219.4882004925,19571.4144815084,11438.1889581322,5775.03623373264,5624.25423698796,10729.9491841329,5977.40883262299,21416.4879430145,19518.3843212109,20119.5548160475,21600.4300368647,20196.9442852192,22543.903235268,16260.5332703741,16321.4220452967,25919.6684249814,24191.5413905868,22512.4753431935,24619.8386118381,24192.5877388992,13246.4900842198,11764.6646478464
"CH-CL-54",16771.0635959383,16098.6114317116,15581.2184867856,15812.6168722716,15281.1220542256,14668.9052392025,12258.0025188944,15801.4510054985,14170.4433406966,8450.59600539967,19431.061893389,9680.5264435797,8827.46469773579,18245.9574955358,1485.34981286535,3536.41866350329,0,16680.8427593571,10516.1798057948,2475.03739525499,16832.3037376565,21350.3493856385,16043.0400832473,16560.9999304408,13133.6894376807,13144.527682436,13344.1514260295,16863.065570213,16503.1948544747,17648.9027028779,24017.6810709451,22912.773709796,27196.19930492,24079.8599287295,22137.7552692902,19279.7439654239,750.610397602972,24852.0256259249,24828.890480689,17143.2481970132,24810.5123197643,25759.9270198047,22581.239495947,17957.8096486822,21234.8105324004,19525.2440031173,19543.608997515,19642.3772112199,18259.8351528912,18014.8130433569,19342.2398624207,20218.0094580695,14197.1089077635,15614.5344866388,25914.5488989298,25261.247990677,21883.3232467383,19722.7823457763,14282.4727014336,14639.7961462819,10193.1108649301,22999.0211607908,18577.2169737557,17010.6138129195,13390.7971126074,13569.1795945227,15469.6739075115,15461.66721678,12047.0741507656,9609.66279810922,8774.39194175223,14115.0700319861,15607.6412895747,11209.7721671751,16420.4785523233,17945.3123927346,16493.6094037361,22501.4371982034,20184.4217176624,21826.0849004408,21880.0295984962,13526.487029276,9078.76095067658,9075.51426761477,14264.8585312438,9471.57819805627,23693.0061955476,22248.8302210877,23332.1694211042,23984.8074699047,22553.9114505612,25506.8514830279,19486.9992111396,19484.283244874,28016.9275587014,26487.9015917003,25120.511490496,26526.6950016821,26029.7743069888,16330.7538210638,14377.7793983731
"CH-CL-3",18490.3170653565,15823.2598160997,16328.4056824464,18460.4876000407,14694.2286021402,13353.0744739094,10565.342301107,8264.09217640492,5459.80916848325,11321.1155833969,7586.03832621506,8523.02601187106,7901.06394796833,8682.58588943279,16342.902231779,15711.159113957,16680.8427593571,0,9506.0801010245,15654.9844342539,1596.08896477649,6563.02735613578,8836.06872418852,7018.34062353982,6456.94945441166,11452.7244776444,11654.3063441971,20533.3065539648,18228.5945630299,19269.7759113924,20748.742324375,21779.8214911449,25964.301261535,25286.1152705713,21725.9103651505,23292.4159447926,16508.3841904652,18880.2875325852,19526.5317123258,1524.70782712068,20362.2477881589,21591.0801383366,18817.0167171574,2587.86967009856,20338.7356244394,19603.9271058622,18446.6417727257,18005.2353845029,18684.7652538194,17694.7602492709,4639.88833772695,11103.1351512481,18439.3023982595,5228.76253504105,9727.56403439037,9163.2982034735,8415.95510322131,9457.33487844811,16200.4504040256,17181.5454175309,18180.1292393075,7309.6628207409,6101.19212100942,4358.05732725607,9226.07304989973,10589.7726559714,13348.0599881906,15655.2564003065,10899.5651909763,12127.0592991848,13750.4306968152,17189.176243459,18186.6567095182,20030.7416792081,22566.2712152014,25037.8070178323,24307.7683106892,6715.66063762448,4822.87851101762,6018.23950884955,9090.4806167561,6240.72738952969,13148.1472216211,14191.4478598727,17771.8726638599,16944.2321008247,10224.8673411157,11899.3833023837,16592.3817165223,11003.6942399465,9813.56773981533,15871.2481058233,14424.1616664831,13795.8688717339,13104.0659337542,12582.490596744,13135.1164393869,11110.012138558,10444.9989612399,11848.5120705865,24764.4447605082
"CH-CL-46",10215.0443890388,8086.82866810089,8168.09109750888,9832.87972408399,6918.36701919845,5717.8576807333,2288.98525899377,5312.51720724897,4654.49596430869,2326.6981894687,9196.37553980207,1891.81606804925,6158.75200650652,7772.5967925846,9477.17833508375,11654.3794823887,10516.1798057948,9506.0801010245,0,10940.780314311,8744.26317623036,11771.3413157765,5527.81680402551,6276.04064625133,3414.35566752279,3523.66642459881,3792.55365177078,11784.547981809,9918.59365255789,11124.7076943567,15315.3720947914,15184.0007962483,19688.7018519215,17804.6483558051,14751.0136220492,14647.81765386,9987.48721983142,15174.9816076955,15372.4080831448,10729.8930108715,15669.0632616034,16789.6867551747,13552.698111539,9418.32810098592,13495.3193899952,12190.587415636,11520.1297387419,11334.9210842505,11002.6835705843,10260.5316030622,10068.6159395659,18431.2648856212,19675.1060720541,11963.070616574,19118.7663923033,18597.7004028367,17431.8315718846,17145.9576957875,18351.5378524755,19159.402854774,17267.4491326399,16815.6120271584,14424.1358266879,12401.881019562,13110.6108569954,14209.3351086357,17224.875490275,18676.7332131188,13388.31456563,12617.1786210434,13353.2389602481,18870.6701323077,20302.3295026716,18939.9510202004,23249.821818698,25398.1502527561,24211.9104069927,16221.6868629111,14243.0286419769,15524.04152243,17895.0485095329,10945.6952785547,13077.6507318564,13888.4513182355,19310.3871578721,16066.9991005311,19339.2895288385,19898.9430519169,23341.142868597,19994.4383155045,18649.8569046321,23852.7049696598,20112.1538034525,19725.0907864513,22593.6650030896,21895.8773863742,21881.8933673365,20616.0824522204,19948.2323504124,16769.4186176861,23222.128480343
"CH-CL-55",18419.8314960164,17442.9912799472,17031.9917688149,17529.1127445082,16520.4872215689,15745.1473029473,12951.4743092868,16032.4123901018,13943.2789859544,9200.98312416278,19339.5409635562,9722.55913055854,7782.25033474715,18409.4898534882,3689.85374058986,1114.16396814848,2475.03739525499,15654.9844342539,10940.780314311,0,16028.621070671,20873.696438236,16353.3073238816,16571.3157745822,13047.1162742475,13980.8124794144,14208.4882488305,18751.075671448,18138.9341721067,19327.1704387816,25331.1436642606,24452.8740661824,28828.0934699117,25911.2756999572,23739.4517636688,21283.9029920887,3067.30815917663,25842.2845956985,25906.8704068658,15917.6726849373,25998.4693144575,27009.5256534384,23785.1351362171,17228.0650236762,22749.4055553102,21094.4580346704,20967.2022510564,21001.4159253895,19817.655050676,19465.8656046128,18799.4193703876,18076.402286813,11779.5526729039,13918.1849911026,24509.9943821529,23839.0036085266,20101.0747799211,17698.4035553055,11807.8477613755,12174.2848568614,7906.8193717231,21520.7943944907,16839.5225660385,15420.7852989986,11267.009770008,11317.5833994277,13066.5073669865,12991.9191618327,9773.97138397381,7259.26987370961,6319.2713728965,11654.7634896468,13153.8233740772,9099.17027563544,14202.8203893503,15874.2186050797,14471.3730060372,21055.8421387728,18733.7441250697,20402.9057535767,20019.3988025519,11768.7772271474,6654.19627986515,6606.14094180153,11819.0597990327,7089.78364115456,21855.1806413833,20141.0895390684,20967.597469091,22082.3525947381,20665.4723904015,23273.1055624972,17113.1364699269,17141.0989078647,26295.7121346784,24642.2867247724,23087.1639224034,24922.3596545739,24468.5955559609,14022.5365183258,12711.9537869814
"CH-CL-4",17225.3916971974,14517.6367755045,15073.5477326671,17259.3764446071,13415.311410835,12089.8003160261,9516.09239105619,6827.28339506839,4332.85848767479,10750.2060366474,6004.0589196039,8047.75540101149,8256.95626186013,7100.33757019258,16356.8044369088,16192.0585699048,16832.3037376565,1596.08896477649,8744.26317623036,16028.621070671,0,5338.3276808854,7384.66419078208,5500.38104568998,5468.10151623128,10301.279522687,10483.8481308355,19339.0512109515,16972.27094034,17976.3139930898,19201.8377280816,20297.5613955314,24441.8934711774,23866.0732061265,20275.2874172915,22057.0390323614,16590.8830352384,17289.0523924009,17941.6531592556,3082.8316754995,18788.6964737752,20016.9882324907,17272.4107810814,1281.82016366755,18886.0610000592,18212.897833655,17017.7009766996,16558.140648733,17333.9479999143,16325.9115217111,3280.48826218525,12696.0887645516,19690.1082193854,6764.60939164303,10389.6418724654,9891.42848325268,9827.57204646532,11044.3919538513,17519.6648120939,18495.5015812243,19169.849621675,8293.6241860759,7673.60239967516,5954.1197713741,10586.9262885125,11959.9936670055,14794.0811602383,17052.9244047274,12147.2234585701,13156.394189734,14711.5157326124,18472.2935652337,19525.7720041473,21024.6683973814,23798.4129603758,26253.6107773202,25467.152364872,7692.53462863543,6074.87696684517,7027.03421867258,10552.5668733256,7570.68443795021,14135.3582306817,15177.7289919865,19047.1289563317,17916.7804651179,11578.5773142877,13455.7463685582,18187.7738212941,12394.4930961311,11260.0772167769,17411.9670144161,15998.0863765553,15376.5293401976,14127.632614905,13812.1081327153,14575.1349411254,12047.7472197688,11347.3996412257,13360.4782956473,25750.9360437588
"CH-CL-7",17517.3196506315,14753.2696145985,15555.849454106,17887.948464549,13896.2992785679,12786.1668571473,11505.1379166327,7392.30209719793,7287.33100352873,14073.6924094933,3610.37713508441,11841.790664204,13249.0454176868,5811.63645443977,20655.0981208542,21161.4445901893,21350.3493856385,6563.02735613578,11771.3413157765,20873.696438236,5338.3276808854,0,7672.10241972223,5866.43875969109,8464.81069491587,11760.4666616081,11832.9901022085,19900.9385243025,17325.9036023543,18065.7443532919,17161.3888098521,18927.0458746247,22538.2628165635,22894.0528923197,19182.3452519984,22299.8596249892,21001.6415949112,14429.1490939013,15263.5161554503,7577.60550289016,16335.8857516253,17509.6202768305,15349.2177832536,4069.50084535315,17834.7144042696,17666.2387776806,16253.1746952173,15674.4739068551,17105.4244736717,16037.3614947649,2117.11074651711,16720.5225911573,24985.807744547,11661.4669781394,10241.9635492788,10060.3293217313,12641.865266501,15003.080541368,22763.1944039799,23743.9994132837,24494.2639423299,9660.5568025876,11646.8942847573,10442.2662308457,15788.2885579589,17149.8605959367,19860.105335893,22201.1799805657,17440.531249143,18492.3457470542,20032.7793256818,23746.2642303019,24749.123710982,26348.924129124,29105.3986526256,31568.7281892833,30799.6868577244,9170.14686116436,8851.08477006129,8775.95722699991,13563.7419759891,12801.309845461,19463.7644815219,20504.820391711,24326.9312482363,23237.4930869839,13953.2033810875,16956.184821794,22190.5133264618,14887.9481182647,14130.7700173412,20637.8894088481,20556.4735320889,19876.7901721755,14866.9506595334,15439.7126593649,17205.5398074718,12658.2175635169,11912.6080111212,18261.2595178931,31070.2657970057
