"","CH-TF-25","CH-TF-33","CH-TF-32","CH-TF-28","CH-TF-3","CH-TF-22","CH-TF-55/56","CH-TF-11","CH-TF-19","CH-TF-8/9","CH-TF-12","CH-TF-6","CH-TF-59","CH-TF-57","CH-TF-58","CH-TF-16","CH-TF-61","CH-TF-15","CH-TF-63","CH-TF-62","CH-TF-1","CH-TF-5","CH-TF-20","CH-TF-48","CH-TF-14","CH-TF-2","CH-TF-18","CH-TF-54","CH-TF-29","CH-TF-30","CH-TF-51","CH-TF-4","CH-TF-7","CH-TF-10","CH-TF-13","CH-TF-17","CH-TF-21","CH-TF-23","CH-TF-26","CH-TF-27","CH-TF-31","CH-TF-36","CH-TF-52","CH-TF-60","CH-TF-45","CH-TF-46","CH-TF-47","CH-TF-49","CH-TF-50","CH-TF-53","CH-TF-43/44","CH-TF-39/40/41/42","CH-TF-37","CH-TF-38","CH-TF-35","CH-TF-34","CH-TF-24","IX-TF-1","IX-TF-4","IX-TF-5","IX-TF-6","IX-TF-8","IX-TF-9","IX-TF-12","IX-TF-7","IX-TF-13","IX-TF-2","IX-TF-3","IX-TF-10/11","TX-TF-43","TX-TF-51","TX-TF-49/50","TX-TF-45","TX-TF-37","TX-TF-39","TX-TF-42","TX-TF-46","TX-TF-44","TX-TF-38","TX-TF-40/41","XO-TF-1"
"CH-TF-25",0,1938.21508947951,1765.91099142397,2165.07214736839,12984.8053450142,4779.6993227271,5918.71823451633,11537.7936123329,7962.84705574744,9532.58397462609,11076.8922711646,10954.8049914454,8858.83719291437,10380.3059000032,14430.0833637169,8644.3219828912,14863.877940371,8739.80066761851,18640.0203956056,16553.6038416759,15594.9648330297,11142.2851552331,5550.91593951203,10554.4674140993,10121.3323899616,14312.9606628769,9020.54452781821,5514.40624471403,3082.7732531527,3882.96619840811,6583.01104091555,11751.4595768355,9323.05150161029,10052.7022757608,10597.9241083931,9415.33848746332,5087.81080359186,2112.9881825681,3862.12871250283,5340.5998929171,4414.64295804617,2573.86668660116,5036.85933037296,14275.1207700378,6568.37390682917,7247.58764679496,9349.8923851706,10555.8138416842,6909.81223124651,5059.89545942224,5446.8182890717,4037.58454245139,3032.87440897773,3227.70944730679,2557.47098690638,2183.22016883269,1500.46380933001,21088.3265754207,17624.8457935213,24710.9473876028,24768.0770639944,23881.7779632146,23998.3354113032,28568.4361301338,25101.9694780916,32342.6335007183,18839.1199872265,19128.9343479726,25943.0199385754,25545.591265188,26452.7069938427,29037.4935418328,30842.596624202,27858.877954633,26429.3528495725,24651.7629207002,33144.1761572196,31840.4096942716,26767.539646149,25956.7462617834,21384.552137554
"CH-TF-33",1938.21508947951,0,875.166610607699,1461.91750959204,14601.8668017262,6717.2742502784,7773.52951088688,13160.6527151204,9863.71417973105,11457.2986985552,12644.1027192278,12890.3700616868,10471.359567142,12188.9565298023,16245.9499292738,10359.0667959186,16018.9191139871,10103.7891652102,20023.2415589036,17759.3172520811,17519.1704750011,13067.6785936953,7466.4837730844,10119.1405957467,11532.5400448482,15979.3808420199,10869.6947626353,4276.08717791364,2055.14641148021,2313.87587359181,4773.67262235204,13678.9651620718,11260.9616159348,11954.3965096927,12131.6162206713,11190.5327242192,7003.44348436004,4048.95739177808,4038.30427988655,4533.80691873905,2797.32281098751,1538.88595277338,3098.94321894236,15543.8971118941,5256.50039999174,6276.34471217506,9011.91187506618,9356.47348927734,5476.20663159655,3148.63806631483,4112.72985846933,3231.05766151475,1601.40616907,2089.00670848578,725.544600630337,369.515964353827,2963.27505791625,22989.8636462652,19537.6643083776,26506.1129021364,26703.563274518,25626.2441493035,25590.2339908566,30297.2969640236,26941.5894348557,33850.1096808121,20755.87586721,21034.8022967118,27634.7318153964,27463.7993795019,28369.2578840219,30962.7095996093,32780.1587659329,29763.6611242265,28288.2192820829,26506.3703857786,35073.3951104007,33778.119158806,28667.9401610037,27843.4476067935,22683.8692436857
"CH-TF-32",1765.91099142397,875.166610607699,0,633.783344370651,14731.8695395793,6422.96533324831,7253.3894207319,13285.3656667909,9684.10996310533,11213.6174235647,12809.0439599513,12514.39630278,9766.59932045631,11600.2576575592,15654.265931454,10406.9614032248,15175.1216828814,10390.1935886107,19221.0689381718,16922.0601209056,17269.5619350844,12818.903961172,7260.52100754331,10960.002347763,11795.349254881,16070.7699549886,10773.4008494688,3838.3411777699,1435.27310907781,2117.13348493824,5467.03757423861,13421.5452785421,10941.1044673982,11769.6379501743,12318.9621509571,11181.0724326651,6799.30292441131,3742.21667738737,3167.81835517889,3885.14980059448,2649.29579011766,2381.36694601558,3567.13011919492,14720.220884418,6118.39789066806,7151.1419057531,9836.77717543365,10221.2237438371,6319.03941344791,3442.9053269253,4977.12994664859,4083.40180349325,2475.71113643197,2958.21296143801,1550.39470623084,1237.88957361578,3118.67786634087,22497.5718446384,19071.6706594061,25885.9226177301,26395.0676947364,24969.0087482964,24852.588941264,29627.3736135019,26362.3544009646,33077.3772717135,20298.0580313228,20552.5281241621,26944.1053360114,27228.0935056837,27905.8178395729,30522.7984774328,32407.5529050964,29561.9989642395,28171.1917590369,26396.076601416,34646.5456747867,33407.6186457249,28476.3443442741,27679.6168409761,21860.7951889754
"CH-TF-28",2165.07214736839,1461.91750959204,633.783344370651,0,15141.2212769752,6595.08446935855,7229.5006612331,13694.1902044236,9916.21741919665,11394.501817746,13240.3944020357,12590.0991019233,9536.04634493082,11489.3202271061,15531.5892319873,10779.6069364733,14732.8791745879,10886.4816878241,18847.8088933148,16491.5415461916,17432.4935955411,12991.2411702903,7488.74630728189,11576.9261379197,12277.7913697737,16456.6535227889,11056.7615250477,3349.63123022085,917.887378899459,1874.47174817695,5775.15109011363,13586.0278491283,11066.0658522512,11990.4985254912,12762.9303673688,11517.4619446006,7032.6446359229,3951.02758796582,2592.9819039923,3285.32537131625,2400.71488408326,2994.41146025501,3723.86674760851,14315.7540783632,6627.29991460638,7718.82476221039,10460.7400489579,10730.7767484237,6792.19641534953,3474.65937373026,5495.09537096371,4691.92917179148,3036.04114004824,3548.6233201977,2064.53205703697,1802.98245074652,3610.36182431113,22459.5502277515,19060.102220245,25725.1093494381,26505.0230718706,24770.4578682755,24563.0359418576,29413.0770375696,26241.556479084,32740.4641654535,20292.1688766643,20525.1354672944,26708.3055328653,27391.8285379051,27889.2583498908,30524.9474090252,32464.172300158,29748.944676671,28417.3745692442,26647.7729575876,34657.9374138037,33465.5099441285,28670.9894139993,27894.1277670271,21453.0786552705
"CH-TF-3",12984.8053450142,14601.8668017262,14731.8695395793,15141.2212769752,0,9409.79906171624,10761.492693508,1447.06044448197,6475.17119617837,6446.40517524487,2018.5836311225,8216.38132546869,13378.0209259468,11668.1667187809,13250.7099568462,4441.69763778531,20093.8259453907,4964.7487378102,21233.878656395,21013.4830255863,7461.96629009811,6221.46399991679,8329.29772967088,14043.5963680784,3629.96031197489,1520.2603264935,5041.8398039022,18476.0046274327,16057.6140268816,16828.2117710056,17710.4248091782,6357.12131221859,7503.20027787859,5513.91219338976,2600.66011173755,4039.553072769,8671.55836524401,11435.3697253937,15944.795991986,18101.1261437951,17348.8254309849,13983.439664631,17293.8301615874,18913.719020081,15855.1963769993,15003.9390535762,13183.775907651,17669.6785336512,16458.2699523808,17606.6638240749,15379.6174499636,13743.6652591813,14586.7117404629,14211.895068505,14889.8905428379,14646.7936638274,11651.9939047448,15578.4167593907,12592.6735641417,21121.4716087008,15495.4944015031,21291.2221901925,23455.2283275643,25565.1045300207,20561.8463062605,31748.7722781519,13258.9315969255,13931.9996201302,23821.4206299111,15203.152256196,19479.3372547829,21370.9637734819,21966.7957502855,16957.7932543203,14731.7453139459,12968.8132270108,24935.0502023643,22865.938702923,15814.6405409505,14746.6981510456,24141.2891342676
"CH-TF-22",4779.6993227271,6717.2742502784,6422.96533324831,6595.08446935855,9409.79906171624,0,2260.46935392865,8029.18508772977,3388.6790272342,4799.64585592247,7819.40835818326,6207.2433500401,5941.94837149398,6357.41076309664,10226.847667795,5022.51652144649,12989.2131507875,6572.41770471611,15864.1986990556,14424.1742305504,10847.6661309262,6399.59314818631,1081.0022043611,12757.9349207572,7554.57729581729,10501.9610454586,4685.41564882077,9668.12920817762,7430.3808939944,8464.80857347482,11202.9363310246,6999.4600102423,4543.94270087682,5421.06626775562,7515.22948848785,5421.30961479236,796.18410621162,2684.50313448778,6685.89825754292,9030.2855468086,8994.57805857919,6983.95180449936,9814.1579749141,12079.0850597622,10594.1299408158,10738.8332641923,11498.025003422,14146.6954777973,11064.362441217,9827.08359154611,9603.10862767336,7869.55100464683,7565.84401797335,7540.74533485498,7303.72318112345,6942.52503222732,4228.21786524579,16476.2460815958,12976.7354801376,20467.4605102143,19990.1750076788,19816.7604984266,20434.3705985902,24521.0247143215,20702.890851187,28952.5646335394,14170.4749957857,14505.347777539,22034.928406666,20807.2069539606,21772.8531165982,24322.0822575363,26072.15648416,23154.4681015612,21855.2222629295,20094.4706909677,28411.2985103742,27068.9061590394,22075.9101555473,21304.1517293805,18788.9570635888
"CH-TF-55/56",5918.71823451633,7773.52951088688,7253.3894207319,7229.5006612331,10761.492693508,2260.46935392865,0,9487.03573556477,4297.56121276996,5020.57119069029,9425.10450229626,5521.21394805651,3683.38827331152,4487.30154933284,8519.9088860891,6637.23236580078,10741.0304596529,8625.37407346979,13640.829776416,12164.0294005176,10645.9315921176,6418.37737396993,2950.08890755734,14920.2544501317,9452.72859227089,11648.2830304322,5740.5590864315,9831.53718170668,7913.73099042683,9063.01917182639,12500.414249025,6928.50028519893,4312.17564714885,5890.65177317504,9219.34821506752,6733.49503451977,2932.15648398107,3924.73597947487,6462.03909670464,8944.52695516306,9560.63972734938,8412.3415859906,10812.2383050496,9819.51201436907,12270.3639900336,12609.0960986546,13656.7093179497,16021.1451358974,12685.8480534918,10678.6043470005,11207.4000176521,9569.00867369333,8929.59352194032,9032.47118687391,8450.79788711244,8068.7498209609,5872.31312828065,15244.4687970512,11830.9478423972,18807.3753184479,19435.6123291832,18028.9240749815,18406.9971936243,22728.4269006634,19183.4122063064,26883.2777632249,13062.6685511085,13302.0427765327,20160.4884250607,20505.9244303522,20661.8792871637,23295.7271206112,25274.9202853045,22951.8887201384,21951.4700473444,20236.2061990719,27430.4584385618,26277.405172084,21916.7396930997,21247.7545405656,16552.5186554061
"CH-TF-11",11537.7936123329,13160.6527151204,13285.3656667909,13694.1902044236,1447.06044448197,8029.18508772977,9487.03573556477,0,5249.38237035575,5500.46947969875,782.493324185917,7517.2996478925,12283.6467567773,10774.4164248485,12737.8032093027,3024.0528118528,19140.5327073338,3710.22454491072,20548.5534419394,20145.2133429339,7727.66246717861,5604.79867880012,6952.03015328331,13083.8910207478,2544.17746353766,2858.41657522376,3860.36464239925,17029.4306804091,14610.624104112,15382.7637511423,16338.8408878092,5871.54582570035,6549.54851399628,4635.89569407824,1360.78730564713,2765.37328234442,7277.130541646,9998.35950776357,14519.3064930885,16660.7443634912,15903.9114514498,12563.5995011652,15872.8310522603,17987.7231475774,14547.4560496496,13760.5143462059,12152.6221034868,16534.2308048182,15147.9836586336,16175.9225197532,14032.1736812544,12371.3585306817,13170.1032723023,12806.4401137219,13456.456683299,13209.5113135725,10208.2916481868,15753.044783889,12591.4290258623,21149.039967252,16270.2807539264,21194.0405326188,23147.659593789,25581.7314829303,20706.0071903062,31540.9116968677,13370.4001596884,14008.5869675983,23706.5424529661,16159.9605811458,19950.6261292425,21969.2841890991,22752.1677905759,18029.263746677,15930.9694582745,14152.8125877979,25645.7122681316,23673.5785934778,16886.0564921364,15855.6083414676,23487.0904102965
"CH-TF-19",7962.84705574744,9863.71417973105,9684.10996310533,9916.21741919665,6475.17119617837,3388.6790272342,4297.56121276996,5249.38237035575,0,1753.05512677453,5292.62164078201,3943.16288496386,7101.13071864453,6043.41743916762,9047.24161070869,2696.08806152242,14114.0830372358,5360.52107192893,16071.2683659686,15264.9956354829,7700.01192275417,3301.49690608074,2427.63782074217,13828.9508554485,5725.51112345627,7360.73844104245,1443.04230651879,13049.0282312746,10776.4328043825,11769.533264671,14044.9983069856,3923.87624777459,2190.69728775983,2090.76231187933,5198.62632205039,2485.61543227649,2886.09213987383,5965.38477064873,10050.3250659795,12416.9062825965,12302.9029884176,9841.58829676487,12916.129578205,13018.1581403997,12998.4092952961,12791.4828505508,12635.4933042404,16084.644070439,13534.0885487282,13010.8312604055,12146.0497219363,10356.4198279006,10457.5067814064,10306.9093067449,10374.5745446141,10039.4371391497,7069.10857495704,14206.9327596933,10696.460202242,18809.7323061733,16962.0239140442,18433.6402775522,19666.3555515331,23077.18454147,18788.2982152295,28219.9191508649,11798.3451396416,12249.9820013845,20815.3311748366,17611.0466689133,19261.8962517384,21689.4161139596,23200.3922979309,19900.0360590188,18501.3021130825,16733.2075588845,25702.3883129401,24186.6633847645,18805.8488295461,17996.2736656025,19044.8629967431
"CH-TF-8/9",9532.58397462609,11457.2986985552,11213.6174235647,11394.501817746,6446.40517524487,4799.64585592247,5020.57119069029,5500.46947969875,1753.05512677453,0,5783.98640100615,2373.84348686913,6985.01667989649,5273.99030392245,7676.67156600648,3760.70646001773,13661.3854111531,6620.2610572574,15136.8414683238,14644.7538479798,6062.4288349769,1610.47649688151,3997.03328572161,15485.0108562623,6663.15895204126,6989.48395187097,1969.98556056305,14415.9003350339,12223.4450136317,13264.4158638237,15741.6985668157,2225.34818495703,1057.70151131009,962.28269738532,5868.93056250509,3049.87469268781,4458.36596899696,7471.49061638189,11256.5820124627,13689.6492236755,13794.210889353,11523.8809524979,14535.6240756182,12496.0523193006,14745.1201281885,14543.6508516393,14308.7801248961,17830.3070385359,15277.4331502134,14592.4737525214,13881.516765949,12093.0252988885,12134.6163402065,12008.4624558704,11999.9294777957,11654.0524161144,8737.84227402144,12475.2727364942,8973.03341619284,17180.6059787392,15278.3240596744,16878.1351386585,18300.9020715305,21488.5060958944,17103.6594789251,26828.9698625052,10059.4628194708,10524.8887199318,19296.6652179337,16015.9338818767,17509.1401275296,19938.4741863502,21477.5069120898,18354.8421450299,17104.9403794544,15358.6914804276,23957.4304926758,22466.3126695302,17276.8877587578,16514.8736115317,18095.8782710324
"CH-TF-12",11076.8922711646,12644.1027192278,12809.0439599513,13240.3944020357,2018.5836311225,7819.40835818326,9425.10450229626,782.493324185917,5292.62164078201,5783.98640100615,0,7922.4377290079,12387.8798795118,11036.8717404674,13203.0570772632,2810.5614858754,19334.601700755,2974.61781189783,20907.2615983666,20395.2362486917,8461.62763374769,6078.4629434266,6757.25412486963,12301.9253405542,1762.11663789715,3515.99585676854,3990.54370838982,16585.8207655996,14158.231788099,14891.8104330173,15691.8506984913,6400.2525427604,6809.48197275802,4985.48287248582,598.207397058417,2841.7808468326,7045.07125720674,9631.63827063657,14183.8321597148,16266.3683163036,15407.9160914891,11984.745183484,15295.1169381649,18203.1883679208,13850.1937979628,13030.7233403775,11374.5967599028,15772.7285634538,14452.4076797997,15620.9000825314,13363.0498038143,11725.1634998511,12584.6508913855,12202.0170865737,12910.4465081104,12676.4632326646,9709.15679892096,16450.3484967858,13247.8813536268,21801.2397127374,17051.9914649043,21807.0784643522,23681.3409098449,26227.3499363842,21390.7771208106,32107.1333396986,14055.7192958864,14683.6318689566,24311.2834915672,16938.1278658552,20703.2340951125,22737.8372383588,23533.7831078113,18794.912340414,16667.1684066281,14892.920646313,26423.556430073,24455.7052478703,17651.4618360556,16614.1359774059,23858.6371857545
"CH-TF-6",10954.8049914454,12890.3700616868,12514.39630278,12590.0991019233,8216.38132546869,6207.2433500401,5521.21394805651,7517.2996478925,3943.16288496386,2373.84348686913,7922.4377290079,0,6096.31070396603,3686.8313705599,5334.18356070348,6125.76544375872,12061.4430311139,8990.32610328333,13041.1639992269,12849.5233496683,5226.50612155011,2010.27694559138,5703.31113621097,17772.0849571354,8966.28826805485,8414.51880803248,4326.05777270888,15344.1294510377,13341.5707973465,14457.0303248566,17406.4876328634,2087.19921600567,1804.39725444947,2955.32110130981,8087.73024236976,5343.77751404468,6125.12688586948,8841.945776105,11980.4121216873,14464.2499273378,14971.1924535429,13181.6547487156,15988.4808436942,10840.6692271163,16649.9536090821,16584.590470748,16577.5438371536,19926.4653974898,17154.1649886282,15953.5233216812,15718.081846334,13947.9834622052,13769.5944747261,13721.3787497445,13498.9799950355,13132.5123594146,10404.3451603854,10375.9033586158,6855.26091117873,14866.8488733699,13935.4557455773,14519.0412031875,15941.0186240693,19145.6921091979,14862.3019574523,24461.1153347675,8013.14002507402,8404.8734562645,16927.8278328051,14990.3614702996,15587.8835429664,18117.4907769966,19895.4214403639,17452.2748339238,16594.6144212213,14924.8889699216,22204.0895369133,20894.8102187104,16431.4848252592,15805.8388599957,15972.0248724627
"CH-TF-59",8858.83719291437,10471.359567142,9766.59932045631,9536.04634493082,13378.0209259468,5941.94837149398,3683.38827331152,12283.6467567773,7101.13071864453,6985.01667989649,12387.8798795118,6096.31070396603,0,2805.46213494514,6328.83740077296,9748.48542805136,7135.16653701021,12076.4749687361,10009.2438595252,8493.81622647831,11138.6637922173,7813.08230918663,6518.04301975933,18531.9118575533,12728.2587972696,13972.5533010445,8426.5784122907,11288.9252862021,9971.35749571949,11149.2143410827,15228.340717856,8101.69506361235,5958.15857126191,7946.16582281837,12295.9376847312,9555.44421178442,6576.63162164584,7184.88075930086,7831.23324722409,10139.2185297071,11567.5097265484,11432.6383249117,13259.8229316424,6156.60054272468,15418.9849828428,15951.0987233065,17267.8536446474,19334.1606447911,15768.5202151533,12959.8445844201,14304.4550485416,12800.993316809,11863.0123618816,12085.9112606128,11193.2108183393,10815.3090646682,9202.58791778091,13623.3081559569,10559.6439683625,16259.9894735903,18886.8093247844,15243.916497365,15141.4352921877,19877.3512179912,16899.5746265324,23500.2588192524,11784.5284692551,11826.5399038555,17178.3609116183,20353.4211063906,19104.6112438521,21837.9932561452,24183.9503766057,22905.3637103681,22409.9996874298,20807.7566057005,25990.7849227845,25180.9135698922,21963.7533104375,21477.3942123277,12894.3837641601
"CH-TF-57",10380.3059000032,12188.9565298023,11600.2576575592,11489.3202271061,11668.1667187809,6357.41076309664,4487.30154933284,10774.4164248485,6043.41743916762,5273.99030392245,11036.8717404674,3686.8313705599,2805.46213494514,0,4057.11636727,8710.72958651157,8439.12960425991,11388.4905731444,10029.6843115317,9370.81232475261,8437.91395656336,5629.24872270297,6482.08537434689,19056.1341372271,11735.8770723083,12021.7313019969,7084.5973949252,13662.3314032615,12063.3976780555,13242.3615114543,16946.9113379955,5773.74406594707,4230.18202662724,6165.0849062216,11072.436540769,8232.15511139949,6726.83761646054,8412.02681654148,10173.7804962439,12590.5761561263,13705.3808528218,12895.7507173381,15165.3902878632,7246.69675249459,16752.7517892116,17041.6333493952,17804.007991937,20455.6834927226,17172.5252519506,14963.9083931937,15694.1727327984,14044.5359310945,13404.3085801612,13518.7864572597,12883.6691767588,12500.229260065,10343.3510098663,11093.9631839504,7877.46529381412,14330.6543927607,16103.748962284,13544.3196025567,14090.745699085,18245.8788690752,14762.1014672224,22627.7142977089,9115.52895120327,9224.78106186373,15703.3304614306,17548.2823046261,16574.3700589,19277.1860189215,21512.1779419244,20099.9379166588,19637.6197422594,18055.1399796943,23432.529799245,22512.5010149895,19160.1181215352,18683.6502692329,13003.5202893384
"CH-TF-58",14430.0833637169,16245.9499292738,15654.265931454,15531.5892319873,13250.7099568462,10226.847667795,8519.9088860891,12737.8032093027,9047.24161070869,7676.67156600648,13203.0570772632,5334.18356070348,6328.83740077296,4057.11636727,0,11436.5575387033,8719.5658344738,14288.3184894847,8192.38002210444,8866.55777960345,7621.90994757895,7134.37522306422,10154.356206865,22697.4262142034,14300.1080715361,13140.7023115148,9644.97161424908,17576.0393728019,16081.5044935026,17262.9954061726,21001.9160070182,6902.34043971174,6875.23212008052,8280.92470822257,13401.9210243789,10677.960846747,10472.1554254944,12437.0428043567,14095.00343974,16452.4388821964,17715.6362478559,16931.3653372506,19217.7577495834,7483.32499806266,20749.9128213012,20965.1655661364,21465.3745584195,24373.5203744919,21184.4534694135,19004.6775409102,19707.6228299351,18031.3744638174,17448.6486720007,17547.6649181241,16939.7675974472,16556.3791989096,14332.6976197496,7333.57425483363,4615.91873363655,10288.6043279069,13171.0613187738,9592.73798542469,10631.9384557167,14295.5885093146,10710.4655019986,19176.8107943371,5742.44458067146,5640.185135526,11862.1073062305,14979.3741619861,12797.7639055213,15543.8732180404,18009.1485008474,17562.9994181887,17673.8505522525,16291.8736550243,19689.9005315386,18997.0727508347,16751.4131909982,16494.2421021589,10989.1110182605
"CH-TF-16",8644.3219828912,10359.0667959186,10406.9614032248,10779.6069364733,4441.69763778531,5022.51652144649,6637.23236580078,3024.0528118528,2696.08806152242,3760.70646001773,2810.5614858754,6125.76544375872,9748.48542805136,8710.72958651157,11436.5575387033,0,16800.5793417276,2868.01605181086,18723.442340204,17961.078472511,8388.60737571129,4713.70991882118,3953.03306284358,12111.7913560443,3031.11824385571,5681.80130783134,1801.36985499635,14092.4332246805,11690.944075416,12520.0008367208,13915.4829821686,5236.81902900041,4625.5644845568,3308.95774940852,2584.85266682074,1069.85965186907,4259.68472741475,7005.01754866361,11503.1032872967,13675.5103491892,13048.0645147619,9928.90878378094,13205.8551157261,15711.8423035041,12408.500805261,11875.6684163765,11006.8857894302,14953.4073666755,12990.0832629113,13445.4878306142,11739.733444524,9993.36947172837,10549.259077896,10253.5226606104,10721.1671067162,10444.5897886047,7396.79169526548,15805.5412605895,12385.4686779699,20784.7187512393,17558.912343149,20569.0242869417,22061.4917121191,25139.2538363215,20592.2637335025,30586.7595934758,13367.8314070246,13910.372552921,23011.5701777771,17835.3699870332,20535.8108537662,22795.4608468508,23972.2708270637,19929.3297872044,18142.0998859317,16350.8501287806,26675.9439619667,24933.2936241657,18799.5194501945,17864.934111257,21695.0230029078
"CH-TF-61",14863.877940371,16018.9191139871,15175.1216828814,14732.8791745879,20093.8259453907,12989.2131507875,10741.0304596529,19140.5327073338,14114.0830372358,13661.3854111531,19334.601700755,12061.4430311139,7135.16653701021,8439.12960425991,8719.5658344738,16800.5793417276,0,19206.8193568815,4735.69488150193,1798.75070528097,16079.1555990337,14047.7015126832,13640.6478629944,25193.8356746833,19811.3091300165,20454.4766044082,15344.1342125616,15080.8969167988,14795.0604142951,15827.5029413893,20424.5849043464,14132.297022264,12604.3938116528,14580.7031362803,19300.2513451612,16494.7555326078,13670.1337964157,13682.1473948035,12308.6931652488,13795.0618477884,16079.4484587493,17307.5881811964,18192.0383606086,1258.71267472837,21264.8894484209,22103.26371257,23941.1599795361,25346.0265819803,21493.0074309976,17684.1214708406,20118.8839124184,18892.5753999318,17589.5111186119,17961.2570713431,16723.9171331206,16388.2461468976,15622.2233949463,14834.7296648282,13094.8612790195,14770.404999209,21469.7866852648,13174.534245439,11299.6697703297,17076.6569793293,16051.8935821108,18558.4224522266,14028.72319188,13687.1692036388,14196.6334368835,23484.1661856349,19729.3555744778,22440.9727721232,25379.2951089202,26049.8519969763,26363.0904225325,25008.0087821612,26366.547725224,26307.3145145646,25311.5757342129,25137.003796244,6832.63838157255
"CH-TF-15",8739.80066761851,10103.7891652102,10390.1935886107,10886.4816878241,4964.7487378102,6572.41770471611,8625.37407346979,3710.22454491072,5360.52107192893,6620.2610572574,2974.61781189783,8990.32610328333,12076.4749687361,11388.4905731444,14288.3184894847,2868.01605181086,19206.8193568815,0,21417.326089575,20472.6918381709,10864.0924068365,7543.34793556187,5680.76472458672,9565.41378822293,1451.55527560505,6479.19815879723,4669.08344203001,14224.4282442397,11795.9852953895,12403.3102200146,12806.1234690569,8034.64920433378,7439.16988130582,6162.04158072662,2377.24148295652,3785.35325647244,5787.270751913,7671.48127462798,12206.2514553804,14062.9342625291,12899.8356156739,9273.30609621022,12564.0471835562,18177.0078788172,10892.0869088562,10056.3186021517,8555.17697263992,12840.598840122,11495.6567947016,12946.4840968467,10443.2518709031,8852.56589226742,9850.65719416035,9422.48273176245,10281.1616362413,10086.9393524845,7278.1665975591,18547.932173985,15173.3401581143,23620.3087312499,19790.4016831155,23430.4097335163,24918.1051080552,27988.2040801822,23384.9514328039,33449.2195779566,16114.1532603432,16681.8528044058,25877.4471112619,19808.5741787045,23121.334853061,25284.3242060073,26259.1771602678,21724.8150872146,19638.2878913497,17861.7560232114,29071.9415886158,27198.3826069726,20582.3138219853,19561.1426868124,24391.1012101508
"CH-TF-63",18640.0203956056,20023.2415589036,19221.0689381718,18847.8088933148,21233.878656395,15864.1986990556,13640.829776416,20548.5534419394,16071.2683659686,15136.8414683238,20907.2615983666,13041.1639992269,10009.2438595252,10029.6843115317,8192.38002210444,18723.442340204,4735.69488150193,21417.326089575,0,3125.62354279649,15731.6957625417,15015.1141226637,16267.6560958227,28539.9591829497,21736.2414496603,21257.7855229485,17044.0300182273,19573.1124975082,19031.3565827235,20124.7768884483,24615.025614479,14900.1585344973,14147.6877218692,15927.4885805885,21004.8262916951,18172.9392337689,16415.7862359768,17147.0545861838,16578.9023168587,18289.0802289272,20425.8848170719,21179.8577819892,22447.7418037979,4634.42571726918,25184.3764220907,25853.7849534321,27275.8100012169,29194.8178270325,25473.8843823654,21995.7157005697,24046.2461092989,22661.9737925224,21535.9311054244,21839.8882994583,20745.1067672563,20387.3012766864,19157.9752757209,12125.2322924434,11468.2538827714,10652.5396984697,19062.29301577,8916.38500188617,6596.08541750818,12459.6058036381,12138.0000491539,13983.0832219726,12066.0473163584,11529.628658018,9596.68342762608,21322.0588735908,16316.7044198207,18900.996150308,22032.640521881,23792.6956865404,24640.1761978731,23515.904988275,22608.0966950064,22899.5609757719,23214.20828087,23255.9869877755,2973.84215727803
"CH-TF-62",16553.6038416759,17759.3172520811,16922.0601209056,16491.5415461916,21013.4830255863,14424.1742305504,12164.0294005176,20145.2133429339,15264.9956354829,14644.7538479798,20395.2362486917,12849.5233496683,8493.81622647831,9370.81232475261,8866.55777960345,17961.078472511,1798.75070528097,20472.6918381709,3125.62354279649,0,16438.9935617707,14858.6028558271,15003.9055407057,26800.5520590456,20989.3410036629,21260.5891650966,16420.0343712202,16879.6476220713,16572.8157885155,17613.7905939365,22200.165947485,14873.6369651823,13598.4781191169,15529.5705802225,20404.1684854974,17572.4196798921,15070.4100677567,15290.3771150305,14088.4651694556,15593.8069104195,17870.9407749067,19023.5702714895,19974.8307619415,2348.67582718911,22995.5871115265,23800.3092544731,25543.0623520111,27066.6463500127,23235.4656194918,19472.9493994243,21849.8695549164,20589.1420520405,19321.0012911434,19679.6148786975,18468.5216170243,18128.1971487861,17255.9914685763,14268.1709823316,12933.5011175448,13577.6917453631,21074.3416256987,11901.5154600944,9718.36547626099,15581.526922416,14966.5174807068,16779.9363185177,13750.6465556811,13328.0639356986,12713.9656313341,23198.196327717,18894.5516288976,21557.100644751,24592.7766740244,25734.9160719672,26264.3745537394,24994.6908921119,25386.6167055158,25494.851295829,25059.1435026295,24970.879604996,5033.91054899279
"CH-TF-1",15594.9648330297,17519.1704750011,17269.5619350844,17432.4935955411,7461.96629009811,10847.6661309262,10645.9315921176,7727.66246717861,7700.01192275417,6062.4288349769,8461.62763374769,5226.50612155011,11138.6637922173,8437.91395656336,7621.90994757895,8388.60737571129,16079.1555990337,10864.0924068365,15731.6957625417,16438.9935617707,0,4452.84041164723,10054.8643483379,20411.2340113706,10120.4853103765,6675.10606153583,7018.34062353982,20371.3867882163,18243.5577479713,19305.827006475,21738.1794732668,3848.20622482673,6405.67572753611,5642.77009567494,8934.40424672372,7318.98770882723,10517.331094285,13527.8465770074,17091.5790983012,19563.9595609884,19833.1606364924,17541.2491328365,20593.832751818,14820.4816084683,20569.2941959926,20188.147749985,19351.1227273499,23330.6304722725,21126.0009767092,20654.8322394632,19777.7891462522,17989.8592542572,18157.4989643554,17999.1907025971,18055.6213201088,17712.6504976068,14767.9224592285,8118.07424526562,5328.17230311331,13723.1838390869,9282.88646453133,14037.0443336264,16588.6090868617,18163.1329545068,13103.6009362692,24604.536605906,5835.41861576601,6533.17813583639,16574.2616890799,9959.95953902089,12272.3415051975,14430.4706423262,15617.949591501,12338.0018361821,11368.2702947367,9707.54138553629,18287.3390313536,16589.9335560784,11283.6090220565,10603.3945447169,18393.5406304525
"CH-TF-5",11142.2851552331,13067.6785936953,12818.903961172,12991.2411702903,6221.46399991679,6399.59314818631,6418.37737396993,5604.79867880012,3301.49690608074,1610.47649688151,6078.4629434266,2010.27694559138,7813.08230918663,5629.24872270297,7134.37522306422,4713.70991882118,14047.7015126832,7543.34793556187,15015.1141226637,14858.6028558271,4452.84041164723,0,5606.87230409241,16748.7682432389,7295.85468545704,6411.46104082715,2988.76004986587,15980.3737440898,13812.659991919,14862.9570522507,17336.789760788,622.454124185517,2111.3408839626,1430.28401595995,6313.68065513648,3763.51530448511,6068.5166698618,9076.75650825701,12772.0010649098,15223.0627523915,15391.7401169899,13123.8156420448,16145.9159763719,12834.2800562874,16288.3742340804,16030.6407340628,15604.0603021642,19278.4016733247,16828.6381047137,16202.1024571068,15446.1640158089,13656.2902332751,13736.269209083,13600.721099303,13609.7931441859,13264.3617540564,10340.6814591229,11136.0974206585,7683.33241410205,16077.7553988525,13674.6973531481,15910.8482452368,17617.6888259598,20446.8868095458,15882.8429179469,26078.1452605009,8701.45626955279,9218.27384771894,18379.7790909421,14409.2202164787,16041.110821119,18424.4710604587,19898.9555015368,16759.0178486282,15570.8583168275,13838.8022221015,22416.7139604354,20885.1749074382,15686.4506087757,14942.3967399355,17931.3166432694
"CH-TF-20",5550.91593951203,7466.4837730844,7260.52100754331,7488.74630728189,8329.29772967088,1081.0022043611,2950.08890755734,6952.03015328331,2427.63782074217,3997.03328572161,6757.25412486963,5703.31113621097,6518.04301975933,6482.08537434689,10154.356206865,3953.03306284358,13640.6478629944,5680.76472458672,16267.6560958227,15003.9055407057,10054.8643483379,5606.87230409241,0,12589.364766414,6572.81113808921,9424.60243887699,3643.58716591741,10640.8858529745,8351.44895814943,9342.27773679886,11778.1199554938,6222.15390831181,3939.66477034519,4509.1947284271,6470.58355478508,4342.82069704405,463.206040328512,3537.79979753156,7738.0389995296,10050.7384699828,9875.53183565883,7550.96265804915,10539.4223436486,12672.8529959005,10947.6026434057,10935.8428579184,11343.6391890466,14313.4084049941,11450.9580288673,10607.9762734685,10017.8792570665,8245.00967025586,8155.74174749564,8059.51592073905,8002.94285229472,7657.99970284902,4760.22221353165,16069.1719970862,12551.2276197977,20292.61075094,19270.7478700532,19734.27322899,20555.5948776486,24428.9372311002,20437.6720781435,29102.7533970916,13716.3425224399,14096.2528926109,22013.2253462965,19997.5588599134,21283.4985919723,23785.8210803048,25432.2382563492,22308.7075982837,20928.6339909118,19159.675611131,27845.9471897612,26424.752310046,21219.2118668756,20419.308074083,19218.356327193
"CH-TF-48",10554.4674140993,10119.1405957467,10960.002347763,11576.9261379197,14043.5963680784,12757.9349207572,14920.2544501317,13083.8910207478,13828.9508554485,15485.0108562623,12301.9253405542,17772.0849571354,18531.9118575533,19056.1341372271,22697.4262142034,12111.7913560443,25193.8356746833,9565.41378822293,28539.9591829497,26800.5520590456,20411.2340113706,16748.7682432389,12589.364766414,0,10539.8131498009,15516.7068930148,13760.4137074015,13743.3318116857,12083.7365816741,11757.4744799872,8557.49582279138,17310.245814685,16000.5948200851,15318.5024143955,11732.7613924115,13160.1288474043,12329.3676583204,11513.4838311952,14099.1764501024,14432.6117787365,11962.2533846178,8582.53692312349,10110.7770307633,24466.6200309535,5975.96148712482,4369.24937842025,1264.17729852438,4446.95297006068,6328.75846021732,10829.5446704806,6703.32038693085,6890.96550101824,8630.92703863266,8061.06701706628,9626.47943012973,9800.47701779807,9586.54839894772,27884.516329019,24421.2051051221,32638.5273619205,29330.1481157655,32221.102451899,33142.664182102,36887.4462967235,32586.8834002381,41683.8026128046,25448.7504331205,25963.2738439943,34554.2987445519,29225.0598455788,32635.4508639373,34840.3661968757,35806.9001494666,30994.8888692188,28651.6866942169,26923.3730377892,38636.9112812457,36738.7118663993,29852.558873253,28768.5357888291,31418.8421428494
"CH-TF-14",10121.3323899616,11532.5400448482,11795.349254881,12277.7913697737,3629.96031197489,7554.57729581729,9452.72859227089,2544.17746353766,5725.51112345627,6663.15895204126,1762.11663789715,8966.28826805485,12728.2587972696,11735.8770723083,14300.1080715361,3031.11824385571,19811.3091300165,1451.55527560505,21736.2414496603,20989.3410036629,10120.4853103765,7295.85468545704,6572.81113808921,10539.8131498009,0,5149.58235430162,4707.94419947529,15622.7280918622,13190.971361018,13825.5380747675,14241.4418809567,7707.77491237683,7601.31199258832,6025.13917810233,1204.52093026454,3624.03074565607,6758.40221143268,8934.96434161681,13497.1289336458,15422.6116111752,14326.0925918275,10722.9069124048,14015.2783772027,18733.3071221386,12282.0983063692,11384.5496992425,9617.66861814052,14049.2523565121,12886.9026087884,14394.7218022251,11866.2541543846,10294.1446426375,11301.6011532109,10873.9319823241,11723.4569040946,11523.6250396101,8677.67554958988,18016.5596932566,14736.5891801123,23262.3666190337,18808.5234948387,23183.3374480295,24881.9846705839,27668.7693866703,22923.3088889655,33366.9160489253,15601.5164549557,16206.5586329096,25665.4780369721,18697.0987378258,22386.8141300931,24458.428801321,25289.7644178733,20535.512744026,18359.051284216,16592.6591749496,28167.7554580779,26213.7874612512,19391.8701644577,18343.7262973828,24705.6115999391
"CH-TF-2",14312.9606628769,15979.3808420199,16070.7699549886,16456.6535227889,1520.2603264935,10501.9610454586,11648.2830304322,2858.41657522376,7360.73844104245,6989.48395187097,3515.99585676854,8414.51880803248,13972.5533010445,12021.7313019969,13140.7023115148,5681.80130783134,20454.4766044082,6479.19815879723,21257.7855229485,21260.5891650966,6675.10606153583,6411.46104082715,9424.60243887699,15516.7068930148,5149.58235430162,0,5922.99339369122,19774.0164987877,17369.5621340112,18177.9538985485,19192.9507917763,6399.20354013049,8017.04881120481,6027.38992228993,4107.15503724461,5082.22480300573,9800.34775680381,12675.7787712675,17127.6958343511,19345.3171309462,18702.8639824281,15415.7042376246,18723.4557720984,19244.7784606916,17365.2696522574,16523.4945363366,14678.2792164017,19183.0633590497,17967.7621169232,19016.3211226133,16875.4754443483,15225.2881497638,16023.9649281055,15664.1119067068,16293.6592035759,16039.2877576125,13019.4451111747,14748.8182999003,11959.2848009234,20397.1837454614,14180.9268720497,20685.8636807828,23052.8366787373,24835.4346625688,19732.2386069127,31221.1793579121,12509.0012659637,13208.2265767093,23223.2730394032,13779.1575660849,18374.7641592144,20163.8337499926,20630.9025642968,15478.3168148635,13216.5347957972,11457.1853013934,23643.0764623228,21515.0160306207,14336.2171786602,13255.3172263096,24116.6961196082
"CH-TF-18",9020.54452781821,10869.6947626353,10773.4008494688,11056.7615250477,5041.8398039022,4685.41564882077,5740.5590864315,3860.36464239925,1443.04230651879,1969.98556056305,3990.54370838982,4326.05777270888,8426.5784122907,7084.5973949252,9644.97161424908,1801.36985499635,15344.1342125616,4669.08344203001,17044.0300182273,16420.0343712202,7018.34062353982,2988.76004986587,3643.58716591741,13760.4137074015,4707.94419947529,5922.99339369122,0,14264.4441699756,11939.7564768489,12881.9496536894,14820.0072243116,3555.10145643168,2897.43511454953,1559.01110398929,3988.52236314252,1152.78637444966,4071.18475167705,7123.80865836617,11371.1104675106,13694.165874215,13416.1202869276,10682.6721228969,13861.4057674881,14215.7583006042,13555.0937642739,13182.8898726583,12619.5781838723,16373.7701069955,14115.7658064045,14013.2933493048,12785.2902101152,11002.6121753889,11305.7700196816,11091.7698388372,11326.5212418902,11011.8408952997,7975.5796070811,14124.1121740522,10669.4678194085,19016.5815513271,16290.3959359964,18776.738551955,20265.1236391823,23358.2779919779,18861.4571821156,28787.0556147355,11688.6420505038,12206.5516755907,21214.2441386278,16763.5415667417,18974.884443197,21305.1221802114,22632.3328207148,18973.4358272079,17418.5316161382,15637.2088909234,25247.4263204299,23606.7246350745,17861.7387016456,16999.1566441115,20010.0813575043
"CH-TF-54",5514.40624471403,4276.08717791364,3838.3411777699,3349.63123022085,18476.0046274327,9668.12920817762,9831.53718170668,17029.4306804091,13049.0282312746,14415.9003350339,16585.8207655996,15344.1294510377,11288.9252862021,13662.3314032615,17576.0393728019,14092.4332246805,15080.8969167988,14224.4282442397,19573.1124975082,16879.6476220713,20371.3867882163,15980.3737440898,10640.8858529745,13743.3318116857,15622.7280918622,19774.0164987877,14264.4441699756,0,2433.04048347255,2059.00723271047,6097.88721957015,16552.8063969827,13965.7487010263,15086.9733116378,16111.4941046537,14792.9305597617,10198.8479092296,7149.00283014786,3488.75886270253,1286.4072728992,1781.14320024483,5605.13053949467,3876.36308021263,14939.172200338,8032.48859555657,9486.24992071524,12772.639909094,11869.4449561398,7941.89469315483,3165.03694631088,7088.52643412351,7063.57473737292,5302.9740641652,5905.8523748031,4414.96075633939,4428.48532751962,6946.83984309011,24756.1960208578,21476.6630308907,27499.0900822737,29267.0945561101,26377.3987286038,25707.8839724321,30912.0056677801,28186.6392619059,33554.5103756951,22718.4806897963,22874.3144342614,28118.0530420201,30298.3431070668,30234.7097416918,32927.2216262134,35045.60956147,32709.1386962589,31513.9168914394,29758.0494720498,37080.2965660137,36048.5387083871,31651.8410328167,30922.7595262846,21913.4913123306
