"","CH-ET_LTAzI-2","CH-ET_LTAzI-11","CH-ET_LTAzI-6","CH-ET_LTAzI-3","CH-ET_LTAzI-7/8/9/17/19/20","CH-ET_LTAzI-1","CH-ET_LTAzI-12","CH-ET_LTAzI-4","CH-ET_LTAzI-13","CH-ET_LTAzI-10","CH-ET_LTAzI-14","CH-ET_LTAzI-15","CH-ET_LTAzI-16","CH-ET_LTAzI-18","CH-ET_LTAzI-5","CH-ET_LTAzI-22","CH-ET_LTAzI-21","IX-ET_LTAzI-12","IX-ET_LTAzI-1","IX-ET_LTAzI-3","IX-ET_LTAzI-11","IX-ET_LTAzI-5","IX-ET_LTAzI-7","IX-ET_LTAzI-8","IX-ET_LTAzI-9","IX-ET_LTAzI-10","IX-ET_LTAzI-4","IX-ET_LTAzI-6","TX-ET_LTAzI-1","TX-ET_LTAzI-4","TX-ET_LTAzI-3","TX-ET_LTAzI-2","IX-ET_LTAzI-2/5/6TX-ET_LTAzI-2/5/6","XO-ET_LTAzI-2","XO-ET_LTAzI-1"
"CH-ET_LTAzI-2",0,2114.0867327324,7597.27027116171,2468.95712182418,8211.06295772242,9023.97316285609,4067.29272486019,7932.13251468782,4265.41357310388,3928.27686845287,11097.8943547356,11248.9608969615,11302.5303254571,8100.53328516596,11214.0168647155,14525.6658639758,14422.7462071011,9428.88539663766,10874.1611167117,13905.7362045126,14089.5769605903,16982.4846242473,16534.3887280008,17504.7074604193,18771.0224446399,23212.3104636657,14444.2870621797,17294.5307289626,12113.6133477581,14332.4211858032,17134.8052818446,16496.293515926,13582.6376711785,18324.1523565179,16480.8075876704
"CH-ET_LTAzI-11",2114.0867327324,0,7285.53647498,559.744164794605,7842.02825781612,9550.78149686475,2240.32989932942,5945.25549898505,5481.91280987733,5523.35893085019,9112.6905227502,9263.75706497604,9231.21162864899,7373.23927301712,9142.69816790736,14158.0503256177,14049.0161650934,11207.4171494258,11903.9041786486,14989.0491883245,14690.4742086879,17892.0941156097,17477.063609697,18461.2689409905,19371.9196927375,24024.1948326032,15045.1843102773,18204.140220325,13932.7930360567,15695.4109306972,18368.5516063741,18032.5627747057,14808.4965884039,18262.884214481,16466.6742426902
"CH-ET_LTAzI-6",7597.27027116171,7285.53647498,0,7287.28363851445,1301.25713578467,2668.17362299389,6745.75352318845,9427.35672450583,5087.84883410915,6395.34590051002,10893.882257059,11096.2364749775,11762.7543799961,2577.41113081065,12053.8705184578,6929.42350961751,6826.37333043963,10703.5464357401,6890.79679337074,9860.8467920913,7879.06353526128,12122.1861512447,11852.9863676035,12859.1259718517,12111.7402672451,17265.7640838649,8233.58450878635,12417.1897012087,12600.631481268,11650.7368445739,13610.3107156388,14572.0213110129,10356.9199846835,10987.2816699415,9191.41254555183
"CH-ET_LTAzI-3",2468.95712182418,559.744164794605,7287.28363851445,0,7377.10381309852,9272.57813330195,1684.38926539014,5466.97811604338,5554.99881153831,5683.36084940211,8634.24326469322,8785.30980691906,8848.79401109771,6908.19295570567,8760.28055035608,13693.0040083063,13583.9698477819,11409.7228121068,11848.4139662257,14933.5589759016,14413.3275705881,17789.3766401172,17419.3346052997,18403.5399365932,19094.6724373852,23747.0715764688,14768.0376721776,18101.4227448325,14135.1913971513,15828.9238051223,18313.5877685958,18166.0756491308,14758.2252701728,17978.4087517875,16183.2631563108
"CH-ET_LTAzI-7/8/9/17/19/20",8211.06295772242,7842.02825781612,1301.25713578467,7377.10381309852,0,3521.29473182264,6778.9235269387,8972.66858812973,6277.21270889113,7583.7266824071,10135.3101934652,10371.1019494073,11070.7238971604,1484.49406598132,11365.3127912188,6318.29363455238,6212.51172877831,11996.755976248,8031.41235845074,10943.2237970651,8124.81795211419,12795.4150745037,12748.9382827422,13756.3717189244,12254.592952472,17479.288091315,8467.64899744666,12806.8618220099,13862.8909762576,12791.4670139126,14750.269162126,15712.7514803517,11497.6501540223,10938.977173421,9150.13109347604
"CH-ET_LTAzI-1",9023.97316285609,9550.78149686475,2668.17362299389,9272.57813330195,3521.29473182264,0,8991.42943204653,11933.8336448543,5567.21847972117,6876.97969379334,13432.6434329991,13634.9976509177,14301.5155559362,4862.43721635544,14592.631694398,6139.771269816,6499.50409480411,9711.53604960727,4614.02443208922,7524.90003460738,5240.48439991015,9524.53690064639,9257.12997491184,10264.5634110939,9921.66380544663,14629.0736757943,5595.08707062741,9768.87060931923,10996.6102234648,9373.99563002295,11332.5582664382,12295.280096462,8080.17877013262,9414.95844901096,7496.91024452644
"CH-ET_LTAzI-12",4067.29272486019,2240.32989932942,6745.75352318845,1684.38926539014,6778.9235269387,8991.42943204653,0,4082.49264422752,6117.62845845866,6736.5990139644,7031.81844652908,7182.88498875492,7650.2305998672,5721.30117248397,7563.50914097319,12606.3209446802,12391.2975288592,12442.7062644215,11916.422331399,15001.5673410749,13929.0854933429,17839.3822870521,17469.5877484544,18453.7930797479,18528.1139353713,23283.6347958266,14283.6881640601,18151.4283917675,15169.1773371735,16279.0322412532,18416.4536278131,18716.8873382374,15069.9333261937,17394.8862068343,15605.2280674768
"CH-ET_LTAzI-4",7932.13251468782,5945.25549898505,9427.35672450583,5466.97811604338,8972.66858812973,11933.8336448543,4082.49264422752,0,9302.59501769166,9926.70621799636,3538.33761968534,3689.40416191118,3666.86981113948,6443.67428820394,3595.76163436852,13584.3979186286,13037.4955819852,15630.7642682683,14426.1714299865,17543.8866040126,15740.2867339906,19977.5066671868,19639.7752430663,20623.9805743598,19870.2283664063,25094.7772251694,16083.117779323,20289.5527719021,18357.2353410203,18918.001757711,21015.7522566841,21440.5236402358,17708.9028426514,18417.6997599584,16629.564060674
"CH-ET_LTAzI-13",4265.41357310388,5481.91280987733,5087.84883410915,5554.99881153831,6277.21270889113,5567.21847972117,6117.62845845866,9302.59501769166,0,1380.20344622853,13117.2121546374,13295.4407316291,13840.3039314614,6841.87252296086,13960.5482591253,11284.4895923588,11581.0622079358,6329.7823465441,6632.75293580449,9645.55623961597,9950.42475494928,12742.9825314141,12294.5597961234,13264.8785285419,14624.190198317,18972.8083708325,10304.8206319641,13055.0286361294,9056.25341929607,10274.1848156378,12900.3615971603,12611.3366596463,9329.71980142516,14863.0417330544,12945.3838118216
"CH-ET_LTAzI-10",3928.27686845287,5523.35893085019,6395.34590051002,5683.36084940211,7583.7266824071,6876.97969379334,6736.5990139644,9926.70621799636,1380.20344622853,0,13553.3919891937,13731.6205661854,14257.6558794454,7868.86634283146,14345.8482075756,12463.0873059749,12759.6599215519,5820.83688769797,7392.12547985481,10362.2468382984,10954.9514437327,13502.6705455213,13054.2478102306,14024.5665426491,15387.1019427744,19732.4963849397,11250.3845734383,13814.7166502366,8546.30547274246,10404.8995472157,13207.2836432571,12618.6397745823,9776.64471437446,15956.0730850694,14038.7594282489
"CH-ET_LTAzI-14",11097.8943547356,9112.6905227502,10893.882257059,8634.24326469322,10135.3101934652,13432.6434329991,7031.81844652908,3538.33761968534,13117.2121546374,13553.3919891937,0,258.545661479884,1062.43300728305,7562.98591079702,1432.48420159634,13887.8250047087,13330.9840822479,18338.788337905,16583.435126605,19663.6247553466,16932.9934119884,21641.228499231,21655.7581510671,22661.8977553153,21004.0968519743,26235.7868412564,17272.9312435961,21652.6752467372,21065.2594106569,21316.7046422951,23302.7816910741,24140.9736257785,20024.4177399641,18787.6580506801,17123.3380530765
"CH-ET_LTAzI-15",11248.9608969615,9263.75706497604,11096.2364749775,8785.30980691906,10371.1019494073,13634.9976509177,7182.88498875492,3689.40416191118,13295.4407316291,13731.6205661854,258.545661479884,0,804.906082979937,7841.75938339612,1174.95727729323,14166.5984773078,13609.757554847,18539.3663535257,16862.2085992041,19942.3982279457,17211.7668845875,21920.0019718301,21934.5316236662,22940.6712279144,21282.8703245734,26514.5603138555,17551.7047161952,21931.4487193363,21265.8374262777,21542.3978315921,23528.4748803711,24341.5516413993,20250.1109292611,19066.4315232792,17402.1115256756
"CH-ET_LTAzI-16",11302.5303254571,9231.21162864899,11762.7543799961,8848.79401109771,11070.7238971604,14301.5155559362,7650.2305998672,3666.86981113948,13840.3039314614,14257.6558794454,1062.43300728305,804.906082979937,0,8701.48550779563,370.051194313295,15030.3980167515,14473.5570942907,19088.6083878677,17547.4271680738,20665.0060665414,18071.493008987,22779.7280962296,22669.241483205,23675.3810874533,22145.6948702488,27377.3848595309,18411.4308405947,22791.1748437358,21815.0794606197,22098.713705642,24159.1311933761,24890.7936757413,20880.2296683154,19930.2310627229,18264.936071351
"CH-ET_LTAzI-18",8100.53328516596,7373.23927301712,2577.41113081065,6908.19295570567,1484.49406598132,4862.43721635544,5721.30117248397,6443.67428820394,6841.87252296086,7868.86634283146,7562.98591079702,7841.75938339612,8701.48550779563,0,9956.33834782607,7141.98646918461,6684.51266935911,13013.4333835948,9411.64313946866,12323.7785367471,9461.02704033964,14132.940655396,14162.1835822258,15168.3737171546,13588.3427487497,18814.0097067489,9803.58964892193,14144.3874029022,15055.8281546273,14171.6977949305,16130.4999431439,17092.9822613696,12877.8809350402,11974.0933193189,10186.2072442313
"CH-ET_LTAzI-5",11214.0168647155,9142.69816790736,12053.8705184578,8760.28055035608,11365.3127912188,14592.631694398,7563.50914097319,3595.76163436852,13960.5482591253,14345.8482075756,1432.48420159634,1174.95727729323,370.051194313295,9956.33834782607,0,15440.0087584309,14883.1678359701,19387.1975480789,17846.0163282849,20963.5952267525,18481.1037506664,23189.338837909,22967.8306434162,23973.9702476644,22555.3056119282,27786.9956012103,18821.0415822741,23200.7855854152,22113.6686208309,22397.3028658531,24457.7203535873,25189.3828359524,21178.8188285266,20339.8418044023,18674.5468130304
"CH-ET_LTAzI-22",14525.6658639758,14158.0503256177,6929.42350961751,13693.0040083063,6318.29363455238,6139.771269816,12606.3209446802,13584.3979186286,11284.4895923588,12463.0873059749,13887.8250047087,14166.5984773078,15030.3980167515,7141.98646918461,15440.0087584309,0,1033.01189342851,15430.6376298291,8784.36886002529,10656.7092520137,5576.50728070718,10007.9365438705,10791.5900728035,11441.6887647122,7833.40417766284,13116.6275437429,5775.48869754804,10019.3832913767,16181.768328558,13320.7462699062,14497.0516883724,16226.5841564809,12020.4748035552,5033.86341351239,3616.97538523669
"CH-ET_LTAzI-21",14422.7462071011,14049.0161650934,6826.37333043963,13583.9698477819,6212.51172877831,6499.50409480411,12391.2975288592,13037.4955819852,11581.0622079358,12759.6599215519,13330.9840822479,13609.757554847,14473.5570942907,6684.51266935911,14883.1678359701,1033.01189342851,0,16036.6524505988,9677.39859990446,11558.1317727261,6618.28680691248,11055.2337396719,11838.8872686049,12488.9859605136,8830.0894940506,14112.9818403191,6822.43510547763,11066.6804871781,16790.059724881,14216.0660918476,15399.3736603521,17121.9039784223,12915.7946254966,5904.91391619253,4606.05551012207
"IX-ET_LTAzI-12",9428.88539663766,11207.4171494258,10703.5464357401,11409.7228121068,11996.755976248,9711.53604960727,12442.7062644215,15630.7642682683,6329.7823465441,5820.83688769797,18338.788337905,18539.3663535257,19088.6083878677,13013.4333835948,19387.1975480789,15430.6376298291,16036.6524505988,0,7341.9827585974,8719.6993266911,11757.0099913309,12583.8643554147,11796.4907937813,12363.3963521632,16056.4947303735,18454.4433901708,11995.8093286098,12892.3367766592,2749.5656656991,6446.72353669855,9185.33434346281,7387.0154463541,6723.36280726255,17188.2827845785,15406.1743801749
"IX-ET_LTAzI-1",10874.1611167117,11903.9041786486,6890.79679337074,11848.4139662257,8031.41235845074,4614.02443208922,11916.422331399,14426.1714299865,6632.75293580449,7392.12547985481,16583.435126605,16862.2085992041,17547.4271680738,9411.64313946866,17846.0163282849,8784.36886002529,9677.39859990446,7341.9827585974,0,3118.79808329654,4482.70121134901,6131.86460506666,5683.44186977592,6653.76060219442,8714.51197177609,12361.690444485,4679.31490433717,6443.91070978197,7450.31366338909,4760.18648566127,6720.42874368073,7681.47095210033,3466.36962577095,10089.9886932948,8315.28782021125
"IX-ET_LTAzI-3",13905.7362045126,14989.0491883245,9860.8467920913,14933.5589759016,10943.2237970651,7524.90003460738,15001.5673410749,17543.8866040126,9645.55623961597,10362.2468382984,19663.6247553466,19942.3982279457,20665.0060665414,12323.7785367471,20963.5952267525,10656.7092520137,11558.1317727261,8719.6993266911,3118.79808329654,0,5144.34094182223,3866.4555967518,3114.9669492496,3917.30626324228,7647.4597327181,9822.17029349156,5197.8254061924,4174.92801799621,6874.11478751962,3002.59476635855,3928.01344834047,5633.87358459373,2075.81855078366,10558.7799808911,9062.8543369072
"IX-ET_LTAzI-11",14089.5769605903,14690.4742086879,7879.06353526128,14413.3275705881,8124.81795211419,5240.48439991015,13929.0854933429,15740.2867339906,9950.42475494928,10954.9514437327,16932.9934119884,17211.7668845875,18071.493008987,9461.02704033964,18481.1037506664,5576.50728070718,6618.28680691248,11757.0099913309,4482.70121134901,5144.34094182223,0,4723.91204402587,5512.1194011195,6157.66426486758,4683.68646057102,9389.53996467588,354.738089577331,4735.35879153203,11357.8182065865,8045.04796961105,8939.17389508122,10720.475664471,6785.33873322331,5609.52787894977,3964.9576506284
"IX-ET_LTAzI-5",16982.4846242473,17892.0941156097,12122.1861512447,17789.3766401172,12795.4150745037,9524.53690064639,17839.3822870521,19977.5066671868,12742.9825314141,13502.6705455213,21641.228499231,21920.0019718301,22779.7280962296,14132.940655396,23189.338837909,10007.9365438705,11055.2337396719,12583.8643554147,6131.86460506666,3866.4555967518,4723.91204402587,0,959.505423198466,1473.93464053998,4024.04784175269,6283.16432884129,4266.14967676848,312.046104715304,10365.9193217448,6381.47439970025,5804.00216934612,8308.20582954881,5833.3291356706,7957.44954556614,7101.25159426986
"IX-ET_LTAzI-7",16534.3887280008,17477.063609697,11852.9863676035,17419.3346052997,12748.9382827422,9257.12997491184,17469.5877484544,19639.7752430663,12294.5597961234,13054.2478102306,21655.7581510671,21934.5316236662,22669.241483205,14162.1835822258,22967.8306434162,10791.5900728035,11838.8872686049,11796.4907937813,5683.44186977592,3114.9669492496,5512.1194011195,959.505423198466,0,1014.6830525826,5017.79039629646,6715.46090419894,5155.24642951822,1204.42306580917,9583.38712955214,5498.04202234932,4844.49674614765,7348.87389216052,5081.88073191806,8929.42737719363,8004.69317846408
"IX-ET_LTAzI-8",17504.7074604193,18461.2689409905,12859.1259718517,18403.5399365932,13756.3717189244,10264.5634110939,18453.7930797479,20623.9805743598,13264.8785285419,14024.5665426491,22661.8977553153,22940.6712279144,23675.3810874533,15168.3737171546,23973.9702476644,11441.6887647122,12488.9859605136,12363.3963521632,6653.76060219442,3917.30626324228,6157.66426486758,1473.93464053998,1014.6830525826,0,5174.66313461562,6091.04703800767,5850.48502393518,1557.80692543342,10227.0246176203,6141.69028735316,4807.70527870528,7446.35490075795,5728.50388432726,9304.54593121641,8618.57094952817
"IX-ET_LTAzI-9",18771.0224446399,19371.9196927375,12111.7402672451,19094.6724373852,12254.592952472,9921.66380544663,18528.1139353713,19870.2283664063,14624.190198317,15387.1019427744,21004.0968519743,21282.8703245734,22145.6948702488,13588.3427487497,22555.3056119282,7833.40417766284,8830.0894940506,16056.4947303735,8714.51197177609,7647.4597327181,4683.68646057102,4024.04784175269,5017.79039629646,5174.66313461562,0,5355.49070509885,4310.30045256282,3873.58712048667,14372.3107299449,10423.9842908858,9881.20077566179,12387.2117535321,9697.33163721256,4319.99078146672,4301.71859215207
"IX-ET_LTAzI-10",23212.3104636657,24024.1948326032,17265.7640838649,23747.0715764688,17479.288091315,14629.0736757943,23283.6347958266,25094.7772251694,18972.8083708325,19732.4963849397,26235.7868412564,26514.5603138555,27377.3848595309,18814.0097067489,27786.9956012103,13116.6275437429,14112.9818403191,18454.4433901708,12361.690444485,9822.17029349156,9389.53996467588,6283.16432884129,6715.46090419894,6091.04703800767,5355.49070509885,0,8922.23465469638,5950.5016979456,16222.5969418122,12137.262611545,10249.2717219622,12699.9189418603,11726.0672308862,8931.72078409564,9548.76546918546
"IX-ET_LTAzI-4",14444.2870621797,15045.1843102773,8233.58450878635,14768.0376721776,8467.64899744666,5595.08707062741,14283.6881640601,16083.117779323,10304.8206319641,11250.3845734383,17272.9312435961,17551.7047161952,18411.4308405947,9803.58964892193,18821.0415822741,5775.48869754804,6822.43510547763,11995.8093286098,4679.31490433717,5197.8254061924,354.738089577331,4266.14967676848,5155.24642951822,5850.48502393518,4310.30045256282,8922.23465469638,0,4431.7921843306,11485.664060745,8079.82950093182,8968.00692972476,10755.2571957918,6882.72774221017,5419.76438799673,3876.62255855261
"IX-ET_LTAzI-6",17294.5307289626,18204.140220325,12417.1897012087,18101.4227448325,12806.8618220099,9768.87060931923,18151.4283917675,20289.5527719021,13055.0286361294,13814.7166502366,21652.6752467372,21931.4487193363,22791.1748437358,14144.3874029022,23200.7855854152,10019.3832913767,11066.6804871781,12892.3367766592,6443.91070978197,4174.92801799621,4735.35879153203,312.046104715304,1204.42306580917,1557.80692543342,3873.58712048667,5950.5016979456,4431.7921843306,0,10680.6896989411,6660.03533554094,6007.72394449475,8513.73492236503,6167.51478935595,7778.33161803114,7060.76402409476
"TX-ET_LTAzI-1",12113.6133477581,13932.7930360567,12600.631481268,14135.1913971513,13862.8909762576,10996.6102234648,15169.1773371735,18357.2353410203,9056.25341929607,8546.30547274246,21065.2594106569,21265.8374262777,21815.0794606197,15055.8281546273,22113.6686208309,16181.768328558,16790.059724881,2749.5656656991,7450.31366338909,6874.11478751962,11357.8182065865,10365.9193217448,9583.38712955214,10227.0246176203,14372.3107299449,16222.5969418122,11485.664060745,10680.6896989411,0,3940.40802465358,6556.35196463907,4648.45922383101,4738.05394064272,16740.6484099204,15096.970186375
"TX-ET_LTAzI-4",14332.4211858032,15695.4109306972,11650.7368445739,15828.9238051223,12791.4670139126,9373.99563002295,16279.0322412532,18918.001757711,10274.1848156378,10404.8995472157,21316.7046422951,21542.3978315921,22098.713705642,14171.6977949305,22397.3028658531,13320.7462699062,14216.0660918476,6446.72353669855,4760.18648566127,3002.59476635855,8045.04796961105,6381.47439970025,5498.04202234932,6141.69028735316,10423.9842908858,12137.262611545,8079.82950093182,6660.03533554094,3940.40802465358,0,2820.49404354985,2932.58330416715,1334.01277123807,13469.6780716506,11973.7524276667
"TX-ET_LTAzI-3",17134.8052818446,18368.5516063741,13610.3107156388,18313.5877685958,14750.269162126,11332.5582664382,18416.4536278131,21015.7522566841,12900.3615971603,13207.2836432571,23302.7816910741,23528.4748803711,24159.1311933761,16130.4999431439,24457.7203535873,14497.0516883724,15399.3736603521,9185.33434346281,6720.42874368073,3928.01344834047,8939.17389508122,5804.00216934612,4844.49674614765,4807.70527870528,9881.20077566179,10249.2717219622,8968.00692972476,6007.72394449475,6556.35196463907,2820.49404354985,0,2660.94270699639,3669.39117708109,13653.2776268329,12728.5434281033
"TX-ET_LTAzI-2",16496.293515926,18032.5627747057,14572.0213110129,18166.0756491308,15712.7514803517,12295.280096462,18716.8873382374,21440.5236402358,12611.3366596463,12618.6397745823,24140.9736257785,24341.5516413993,24890.7936757413,17092.9822613696,25189.3828359524,16226.5841564809,17121.9039784223,7387.0154463541,7681.47095210033,5633.87358459373,10720.475664471,8308.20582954881,7348.87389216052,7446.35490075795,12387.2117535321,12699.9189418603,10755.2571957918,8513.73492236503,4648.45922383101,2932.58330416715,2660.94270699639,0,4087.45771912087,15991.5592769024,14499.5132672759
"IX-ET_LTAzI-2/5/6TX-ET_LTAzI-2/5/6",13582.6376711785,14808.4965884039,10356.9199846835,14758.2252701728,11497.6501540223,8080.17877013262,15069.9333261937,17708.9028426514,9329.71980142516,9776.64471437446,20024.4177399641,20250.1109292611,20880.2296683154,12877.8809350402,21178.8188285266,12020.4748035552,12915.7946254966,6723.36280726255,3466.36962577095,2075.81855078366,6785.33873322331,5833.3291356706,5081.88073191806,5728.50388432726,9697.33163721256,11726.0672308862,6882.72774221017,6167.51478935595,4738.05394064272,1334.01277123807,3669.39117708109,4087.45771912087,0,12262.4675385675,10687.2844423889
"XO-ET_LTAzI-2",18324.1523565179,18262.884214481,10987.2816699415,17978.4087517875,10938.977173421,9414.95844901096,17394.8862068343,18417.6997599584,14863.0417330544,15956.0730850694,18787.6580506801,19066.4315232792,19930.2310627229,11974.0933193189,20339.8418044023,5033.86341351239,5904.91391619253,17188.2827845785,10089.9886932948,10558.7799808911,5609.52787894977,7957.44954556614,8929.42737719363,9304.54593121641,4319.99078146672,8931.72078409564,5419.76438799673,7778.33161803114,16740.6484099204,13469.6780716506,13653.2776268329,15991.5592769024,12262.4675385675,0,1929.47702076378
"XO-ET_LTAzI-1",16480.8075876704,16466.6742426902,9191.41254555183,16183.2631563108,9150.13109347604,7496.91024452644,15605.2280674768,16629.564060674,12945.3838118216,14038.7594282489,17123.3380530765,17402.1115256756,18264.936071351,10186.2072442313,18674.5468130304,3616.97538523669,4606.05551012207,15406.1743801749,8315.28782021125,9062.8543369072,3964.9576506284,7101.25159426986,8004.69317846408,8618.57094952817,4301.71859215207,9548.76546918546,3876.62255855261,7060.76402409476,15096.970186375,11973.7524276667,12728.5434281033,14499.5132672759,10687.2844423889,1929.47702076378,0
