"","CH-LF-16","CH-LF-14","CH-LF-46","CH-LF-48","CH-LF-50","CH-LF-49","CH-LF-52","CH-LF-51","CH-LF-6","CH-LF-9","CH-LF-54","CH-LF-53","CH-LF-12","CH-LF-5","CH-LF-36","CH-LF-13","CH-LF-26","CH-LF-30","CH-LF-34","CH-LF-35","CH-LF-3","CH-LF-7","CH-LF-8","CH-LF-10","CH-LF-11","CH-LF-17","CH-LF-18","CH-LF-21","CH-LF-22","CH-LF-25","CH-LF-27","CH-LF-28","CH-LF-31","CH-LF-33","CH-LF-37","CH-LF-39","CH-LF-40","CH-LF-41","CH-LF-42","CH-LF-1","CH-LF-45","CH-LF-47","CH-LF-55","CH-LF-38","CH-LF-43","CH-LF-44","CH-LF-29","CH-LF-32","CH-LF-2","CH-LF-20","CH-LF-24","CH-LF-19","CH-LF-23","CH-LF-4","CH-LF-15","IX-LF-11","IX-LF-2","IX-LF-4","IX-LF-10","IX-LF-13","IX-LF-3","IX-LF-5","IX-LF-12","IX-LF-1","IX-LF-9","IX-LF-7/8","IX-LF-6","TX-LF-25","TX-LF-26/27/28/29","TX-LF-21","TX-LF-23","TX-LF-19","TX-LF-24","TX-LF-20","TX-LF-22","XO-LF-3","XO-LF-1","XO-LF-2"
"CH-LF-16",0,3481.87737381283,4150.32825145042,7418.84918545065,6405.18747691657,7360.20283157149,10271.3665881681,9375.15276424936,6098.33520747528,6379.63616298038,13977.1310281853,13497.3764688898,4237.7171420729,7437.19039974446,5164.44474349326,3748.202151184,3615.83445060851,3943.50515970822,4806.59518787445,5285.78848816073,11952.6925517215,5415.46283469957,5059.08823965853,7546.10492188208,7119.74351531279,730.971643217991,1687.8661185237,3642.3798808621,3168.33639557074,3133.80282503603,4206.87711497032,4214.87573641928,4332.24690515228,4726.2019911382,10675.0124471685,9192.55048761434,9475.69749226965,8487.25979146034,8213.4802984841,12018.9783997008,7272.21993546786,5240.47532629383,8115.36804651778,9677.88789878649,7807.65898032399,7512.76003763571,3931.0615223338,3565.49291945247,10471.3691010905,2817.42611182967,2495.7207946506,2380.62826985233,1898.71620601409,9622.27532015676,1065.43024078699,20053.405120884,12740.1628347361,15000.5158136683,19819.4224173145,16470.7605348581,15415.7826942392,15263.8090935607,24047.2801061775,18061.2928407016,19731.3643648501,19184.7275153077,17307.4210329813,18791.2440995588,21559.0617454816,20112.7609672984,18489.1359295198,21478.367657361,18171.4831385391,19724.381918022,19162.4718890812,16259.5996052413,16525.0212562268,16629.0106542854
"CH-LF-14",3481.87737381283,0,1589.81087847607,3942.12723084892,4356.57814040045,4514.08793009732,7274.69304679991,6471.93267183919,3772.75437038456,5141.93378100281,11552.1236392356,11364.4563493133,1096.6981702971,5889.72949216935,7717.34876225818,794.601628393393,7154.87197914537,7884.16041711985,8326.84576582409,8925.196131458,8882.36661723855,3796.23775175174,3749.26305665658,6992.12264854817,6960.55078627921,4410.70723680661,4937.00755143255,6522.84868885366,6031.0490992721,6786.71000442611,7748.62518827406,7925.72094638935,8185.12875384853,8365.24437600834,13956.9395537443,12752.9970451677,12930.2311318808,12080.3868057543,12087.9915544547,8662.8591302065,11222.8947325326,1926.56775478625,7257.81383092853,13228.0866547254,11710.5611255678,11463.4348347005,7812.21276290309,7230.46548973051,7279.11924282551,6162.26777213808,6437.82730555478,5624.59146060098,5846.67983367488,6548.58766765244,3575.51323635886,17405.3866430494,9392.05667781356,11999.1743896606,17171.40393948,13651.3028418264,12413.6999190645,12653.805045351,21622.5768204922,14814.6629651183,17073.0252567878,16526.3884072455,14871.9066781607,15331.9993719347,18210.1736826878,16865.3217515046,15242.5060539365,18020.2761264699,14924.0439227453,16343.6947714029,15898.4132439768,13834.2380522423,14097.0941608816,14202.8766036289
"CH-LF-46",4150.32825145042,1589.81087847607,0,4067.47757809951,2770.61132686243,3213.11404580536,6123.84319784987,5228.37968501821,4936.51103159586,6635.35340881297,10118.2819933895,9779.95826003841,2448.16432818555,7347.96373520138,9151.23976826146,2351.58791872079,7640.0561520678,8492.90355712477,9422.49774149305,9975.76073041782,9272.65005906536,5254.47199478378,5246.19467241873,8490.29917891487,8528.76167539727,5277.59107139534,6055.14105997204,7907.81072914924,6064.59714931031,7385.49816661375,8199.99520894036,8525.67703877556,8787.51038080124,9416.04997452854,15218.647302038,13868.9576731327,14053.7741785114,13177.2320337174,12895.4156175441,8515.59287508517,11837.7517157663,1509.34037314315,5829.10124161942,14345.9041235442,12489.594299384,12086.4919860361,8414.5943898558,8253.66604504983,7388.10552012166,7337.19086386982,7181.28547242566,6832.44502725366,6462.39311170158,7049.96349223288,4667.90080996628,15975.0550429903,8737.36287405349,10851.797652706,15741.0723394208,12355.640499305,11267.0645332768,11222.156952625,20188.7815773621,14882.8502806659,15642.6936567287,15096.0568071863,13438.7973472239,15287.8585749433,17557.6603596487,16920.3360397147,15310.6933694841,17974.9821327454,14978.7163194049,16380.7569327642,15945.0107774908,12400.4743788087,12663.9427763283,12769.6420186
"CH-LF-48",7418.84918545065,3942.12723084892,4067.47757809951,0,5226.34763303032,3827.33630458063,5332.57015091935,5017.27032325845,3194.74470593137,5470.06688792779,10674.5267941166,10646.3547562423,3582.68527908422,5547.32654097951,10139.969433469,3939.53190756704,11168.1582350106,11865.0372187715,12002.3124371924,12623.8669701009,5415.79035969814,4322.44677271825,4659.33926580282,7392.72950720996,7770.41485294253,8194.93870362145,8648.76607070385,10010.8921655872,10039.0134047481,10805.5129628565,11760.8860069586,11944.5239048197,12203.9317122789,12066.6158408219,17441.7174245741,16407.9670059237,16585.2010926369,15735.3567665104,15829.4806836647,4767.76782225905,15031.8237788293,2507.43315931479,9079.52624386707,16883.0566154814,15452.0502547778,15269.6143071825,11831.0157213334,10941.975034641,3469.82615628926,9838.92172981617,10231.658701133,9303.32929216187,9787.30592591475,3244.10460231245,7348.25780805378,15258.1428043186,6095.24459033571,9459.95805241178,15024.1601007491,11262.7182390763,9610.67644015663,10817.7737513101,20099.253224819,11002.5532864714,14925.781418057,14379.1445685146,13300.9618155037,11421.3089869245,14443.8818836039,13044.1489676385,11430.3963752896,14108.4325447267,11102.5292473287,12508.0547911812,12071.3447294489,12700.9823031864,12768.7623800764,13024.3462156927
"CH-LF-50",6405.18747691657,4356.57814040045,2770.61132686243,5226.34763303032,0,1976.69942160515,4563.16450636642,3506.30804110777,7444.8608597387,9179.08124472428,7580.5392080007,7101.1052048103,5135.40657087382,9876.28523614036,11791.9635272011,5194.31809691681,9150.58500877178,10357.081121689,11824.0524853501,12329.5201923065,10400.9526419459,7798.19983069508,7833.48662321895,11118.877383832,11289.0341243852,7697.93702094379,8565.79173169307,10439.7011552381,7499.76397016359,9056.77133802419,9700.60975662643,10132.1693881873,10435.1346716184,11770.1709784846,17692.4257063061,16232.2954096823,16493.1547897453,15480.0023364847,15106.7317871585,8554.03741680809,13895.3231814671,3383.34961027506,3962.16237876443,16713.5935380941,14700.9104689984,14149.3677993136,10106.6366830023,10611.2168519403,8276.13398337838,9830.07879653929,9415.28101311825,9339.39071230176,8635.76878308108,8472.01148483185,7204.74263016962,13768.393308203,7847.45748263938,9087.08461010769,13534.4106046335,10220.6529513842,9777.83717109268,8988.08930469687,17650.7258055457,15141.2675881711,13454.2959760705,12907.6591265281,10905.0603414181,15242.4338140067,16424.8168169391,16918.6984018693,15543.4874527616,17929.5573718088,14958.4835982785,16336.0681878926,15901.5327831655,9862.95041355196,10127.9637592093,10232.3614625961
"CH-LF-49",7360.20283157149,4514.08793009732,3213.11404580536,3827.33630458063,1976.69942160515,0,2911.21798663785,2015.3122346146,6622.99863891675,8847.4455612423,7289.66351837787,7259.24318584318,5046.6516605893,9057.91195004346,12293.2649133212,5232.18531882261,10777.078930226,11651.2981524231,12801.1201799079,13354.3831688327,8801.00583178005,7468.65819562962,7639.39923102552,10842.0224698913,11103.773334719,8656.21350981025,9433.76349838694,11214.1911427068,9155.4687869323,10537.9487689528,11333.4996822423,11678.1276411147,11942.2467258309,12794.6724129434,18597.2697404529,17247.5801115476,17432.3966169263,16555.8544721323,16271.7125711431,6679.74439141087,15090.2629067496,2886.34975358017,5943.48681088837,17724.5265619591,15865.891252983,15344.3075245961,11569.5843327328,11632.2884834647,6619.48156479877,10715.8133022847,10558.3537214575,10211.0674656686,9797.02028277562,6878.71098530665,8046.33921475855,12891.2987129521,5872.32223155885,7720.87178402706,12657.3160093826,9271.30978391137,8140.95492651282,8139.71711525365,17110.6093173825,13265.4762383117,12558.9373266905,12012.3004771481,10358.208573929,13265.81837429,14748.0639316615,15037.4308982826,13667.0427755564,15952.9419320922,13074.3455315449,14359.5330545362,13925.032166389,9325.54464959162,9583.93596359483,9690.86605310313
"CH-LF-52",10271.3665881681,7274.69304679991,6123.84319784987,5332.57015091935,4563.16450636642,2911.21798663785,0,1046.44269048423,8639.07996833851,10895.9028061545,5600.38727475794,5985.53364736971,7689.49557987184,11011.7143189775,14936.4845728038,7877.22906883837,13671.9450939534,14548.3162638697,15718.3143138688,16271.5773027935,8954.76938028124,9517.11544054177,9796.36105298204,12857.4306040093,13161.0773972893,11573.4076437711,12350.9576323478,14035.1371261903,12050.3349506597,13434.9668803994,14228.3658459697,14575.1457525612,14839.2648372774,15711.8665469043,21469.2279910809,20164.7742455084,20349.5907508871,19473.0486060931,19189.7752256189,5740.45184678937,18005.3311251392,5484.03751309576,8096.31295842552,20641.7206959199,18783.9539074588,18259.3757429857,14466.6024441794,14549.4826174255,6818.20613664373,13633.0074362455,13476.4163759333,13128.2615996294,12715.0829372514,7606.72488086191,10963.5333487194,10381.1794543996,3733.77642895048,4809.6537973892,10147.1967508301,6392.57721619023,5267.22533776652,5717.93250673343,14999.3302830502,12001.0911835167,10048.818068138,9502.18121859565,8193.53597424809,11378.7393729865,11893.1429414871,13710.6976147578,12363.8399663526,14065.8629307887,11765.3623894016,12485.1068874355,12325.5101122571,7591.51885873921,7660.24209275399,7914.88277124556
"CH-LF-51",9375.15276424936,6471.93267183919,5228.37968501821,5017.27032325845,3506.30804110777,2015.3122346146,1046.44269048423,0,8285.0574070451,10512.6424637952,5657.88869209898,5669.77876726922,7033.32023191769,10719.7990368906,14280.016452412,7218.93685791341,12644.5664356717,13647.8435357446,14846.3240917615,15399.5870806862,9141.77493029987,9133.85509818247,9307.76330949326,12507.2193724441,12769.066190593,10701.4174216638,11478.9674102405,13206.4865703049,11022.6815419412,12429.9387483883,13200.987187688,13561.4903456739,13832.6773079435,14839.876324797,20637.078328038,19292.7840234011,19477.6005287798,18601.0583839858,18316.6475869109,6307.96661557181,17121.1887227661,4827.0472756471,7090.49176107656,19769.7304738126,17910.8262687508,17375.2333406126,13476.0917673245,13677.4923953183,7004.93629408827,12761.0172141382,12603.2887372253,12256.2713775221,11841.9552985434,7791.84824606978,10091.5431266121,11057.0254097175,4644.8388451178,5815.98714261512,10823.042706148,7340.61229446054,6329.65322779526,6305.44381201899,15282.7639932064,12777.153548875,10724.6640234559,10178.0271739135,8525.36908120491,12201.5518831988,12953.0436073204,14529.5750457748,13177.0853350614,14888.675441001,12583.0802188146,13305.1057839083,13144.8558626292,7686.85244852434,7764.18847436284,8010.25077518857
"CH-LF-6",6098.33520747528,3772.75437038456,4936.51103159586,3194.74470593137,7444.8608597387,6622.99863891675,8639.07996833851,8285.0574070451,0,2278.39532723043,13586.5980214682,13556.1837465791,2906.62564782597,2485.56134652182,7248.50212876764,3201.30276685727,10066.3406040519,10221.9987462101,9981.99309049304,10642.327759401,5872.92628328713,1239.51846645979,1744.82372948774,4252.02703178202,4582.17524436885,6538.58117567586,6764.73323491129,7780.2764555287,9328.04810334694,9581.22777037973,10657.3832684137,10657.9616064945,10772.5401519899,10085.8986639095,14545.7145745779,14047.8089958504,13904.9821777505,13586.6348466426,13938.6974703829,6824.19811426189,13168.7214994392,3806.92101311844,10584.8977938235,14339.7381420086,13569.6862718157,13401.3031543237,10370.0018787126,9014.9175487532,4870.39278627226,7839.59629179336,8489.49827807472,7311.89402376777,8194.36584838491,3653.50841895786,5706.2340448199,18254.5987346669,8880.7850607183,12455.6374849201,18020.6160310974,14258.3976715846,12606.1182340292,13807.861724289,23089.3411977979,12302.6675569824,17922.2373484053,17375.6004988629,16291.0497884826,13438.5862342268,16962.2572482679,14530.0354554694,12845.7669076079,16115.2791094583,12595.4857168142,14198.8441890939,13628.2338348081,15617.2011113498,15695.076221882,15940.6803751192
"CH-LF-9",6379.63616298038,5141.93378100281,6635.35340881297,5470.06688792779,9179.08124472428,8847.4455612423,10895.9028061545,10512.6424637952,2278.39532723043,0,15459.1309931128,15428.7167182238,4092.99675874612,1288.25204321445,5291.23783730352,4212.52683490056,9849.53677893578,9783.56991474573,8653.29764174587,9377.631326408,7097.23612373111,1215.99900463472,1363.02289173044,2002.79606768227,2324.16311842493,6233.99135283253,6201.61184799929,6235.05021936318,9402.38765498191,9305.69785993101,10414.4563250666,10287.0633345789,10348.4653594845,8881.43542178254,12588.4502831138,12090.5447043863,11947.7178862864,11629.3705551785,12178.0139029683,8561.24267445454,12376.3372457438,5430.59794209609,12012.3235506769,12382.4738505445,12233.0764192742,12510.723326117,9945.80898976281,8078.07133523894,6309.07247941403,6988.2238185145,7935.98145400801,6729.08847205414,7841.01377533192,5030.5290489087,5476.52300272023,20203.5253749933,10817.7255941754,14400.941591991,19969.5426714238,16204.4174455926,14551.0267687134,15770.2431344098,25051.7226079187,13625.918173404,19871.1639887317,19324.5271391893,18253.4311986034,14846.2773753189,18755.6671932466,15865.2336112068,14169.0175240295,17498.5004482051,13977.5158174169,15582.0655278407,15011.455173555,17489.7340829945,17567.6091935266,17813.2133467638
"CH-LF-54",13977.1310281853,11552.1236392356,10118.2819933895,10674.5267941166,7580.5392080007,7289.66351837787,5600.38727475794,5657.88869209898,13586.5980214682,15459.1309931128,0,1254.18726311827,12293.9818599133,16381.155624664,19439.1104613091,12356.0022573725,16579.6675219926,17865.6890014517,19518.8981502933,20013.442546077,14288.7976832751,14794.6418769918,14965.7012945164,18168.0061512534,18429.7570160811,15392.782685887,16260.6373966362,18134.5468201813,14805.4225948882,16555.7724181506,17043.2581059159,17575.424760868,17924.2781108496,19454.0933322551,25387.2713712493,23913.2834459057,24188.0004546885,23141.2854698693,22617.2915691048,10811.6221245953,21404.4298891322,10212.674121298,9412.34091176046,24408.2348878534,22211.4702509447,21658.4745069787,17612.0890890288,18305.8582016996,12152.7512299784,17524.9244614825,17076.5641465028,17034.2363772449,16280.2952288747,13056.3312816516,14895.1778632717,6728.4442607612,7410.73629187882,4730.00571791431,6471.59992465052,4596.14490087752,5602.14805686551,2571.80650798628,10070.5853473603,16347.9793382431,6519.06170570388,6004.40518324871,3540.15406315278,15140.1520466039,12425.1314236962,17688.8974201744,16653.8327685102,17217.151405028,15834.2229352582,16372.1521686289,16296.0692556269,2282.69068017273,2649.21160119164,2652.10172921684
"CH-LF-53",13497.3764688898,11364.4563493133,9779.95826003841,10646.3547562423,7101.1052048103,7259.24318584318,5985.53364736971,5669.77876726922,13556.1837465791,15428.7167182238,1254.18726311827,0,12168.2221530894,16257.8655831792,18914.7099815274,12228.3634960672,15891.5754362549,17274.1761594992,18946.615615469,19440.5496350986,14720.8092248599,14671.351835507,14841.86073211,18044.7161097687,18306.4669745963,14820.5001510627,15688.354861812,17562.2642853571,14117.3305091505,15944.3763557019,16355.1660201783,16887.3326751303,17237.271558396,18881.2004212767,24814.9888364251,23340.3905349273,23615.7179198643,22568.3925588909,22029.1089141232,11243.7240660181,20816.2472341505,10088.4222050902,8532.38472862767,23835.9467209856,21623.2875959631,21070.291851997,16969.0075732899,17733.5700348317,12584.7627715631,16952.6419266582,16503.6712355244,16461.9538424207,15707.4023178963,13374.1321856767,14327.4890844959,7812.67465226128,8219.13672162327,5768.16687233141,7555.83031615059,5772.1040299153,6640.45090826735,3747.76563702405,10567.2205222984,17158.7138875902,7603.29209720396,7089.84373742815,4453.30799127297,15952.6129257671,13541.2435317803,18499.6319695216,17464.5673178573,18254.6840932372,16644.9574846053,17184.6130477921,17108.5301347901,3056.52285358899,3527.23965984719,3425.03341053955
"CH-LF-12",4237.7171420729,1096.6981702971,2448.16432818555,3582.68527908422,5135.40657087382,5046.6516605893,7689.49557987184,7033.32023191769,2906.62564782597,4092.99675874612,12293.9818599133,12168.2221530894,0,4933.2724703313,7294.65859712477,455.143145521539,7869.99682248714,8355.37791527967,8530.54108586402,9151.71247169943,8033.55206721319,2839.78072991369,2825.60094844383,6087.96980407145,6164.550232982,4685.27940012958,5175.93977612049,6602.85562596437,6749.74314036749,7453.77985213563,8463.2695863365,8592.79079409887,8783.23272747374,8594.46134242047,14127.949237245,12936.220753364,13113.4548400771,12263.6105139506,12351.5083697525,8033.91857606566,11553.8514649171,1887.87622283275,8057.72622132954,13411.3103629217,11974.0779408656,11791.6419932703,8410.3167365283,7469.6902330111,6436.62849002857,6367.15037848782,6753.68638722078,5831.55794083352,6285.40353791598,5699.20846761796,3838.59850456191,17536.5302539389,8963.88997467251,11839.9773441177,17302.5475503694,13562.9515245959,12249.5436602735,12784.9486562404,21755.264665545,13983.3252071246,17204.1688676773,16657.5320181349,15003.4401149158,14652.5438729294,17704.0609009607,16033.9839935109,14411.1682959429,17344.2721841764,14092.7061647517,15570.3066652068,15082.6693637511,13969.4349257873,14229.1675045816,14335.4974778306
"CH-LF-5",7437.19039974446,5889.72949216935,7347.96373520138,5547.32654097951,9876.28523614036,9057.91195004346,11011.7143189775,10719.7990368906,2485.56134652182,1288.25204321445,16381.155624664,16257.8655831792,4933.2724703313,0,6347.91282776096,4906.80503807116,10915.8953245893,10861.1715501721,9764.59928459411,10488.045131414,6265.30175770504,1922.45330746237,2225.89610873712,2327.86280714115,2840.66416121782,7310.26680024314,7279.21348342565,7396.09587880886,10395.3046538234,10375.4644795522,11481.8739933252,11364.6649700053,11426.0669949108,10027.186382721,13555.8979799058,13060.4710103944,12916.4729870351,12623.7714585514,13236.0587942609,8013.48995714368,13537.3829051894,5897.02366485063,12638.5510425338,13351.9611597812,13313.3307029077,13671.7689855627,11023.4106251892,9239.11699468461,5748.76712574697,8149.26947796018,9013.58308943437,7806.6901074805,8918.61541075827,4331.39325363286,6537.20132884553,20108.143219027,10565.4332851851,14150.2603358151,19874.1605154575,15954.8124551233,14300.1248395407,15754.4230563897,25035.9025298987,12793.9838073779,19775.7818327654,19229.144983223,18237.6111205833,14151.1079827186,18208.9618412715,15033.2992451807,13337.0831580035,16803.3310556048,13171.9146128547,14886.8961352404,14232.6923315914,17637.631608266,17705.411685156,17960.9955207724
"CH-LF-36",5164.44474349326,7717.34876225818,9151.23976826146,10139.969433469,11791.9635272011,12293.2649133212,14936.4845728038,14280.016452412,7248.50212876764,5291.23783730352,19439.1104613091,18914.7099815274,7294.65859712477,6347.91282776096,0,6427.81359300476,6857.54786688534,5822.96683147019,3424.03714188903,4147.26155913427,11993.4107653161,5427.83293729889,5183.20469526786,4336.83259039643,3801.08869047396,4191.49943542955,3523.38476613367,1617.26839012758,7559.28160535936,6174.15568463782,7230.61558137051,6706.68537569366,6567.37230219628,3700.01642120589,7369.49819924064,6855.96986843346,6714.37352708652,6392.85674367413,6889.56618016412,13290.8123009962,7220.29905074512,8411.51184839227,12912.8621692438,7149.10353538854,6967.48925651791,7342.5371575182,6250.52797486853,3321.92880924405,11148.6695749774,2608.30097795201,3986.06761976134,2925.55366421284,4814.16079895151,9926.08238409276,4535.89855095133,24059.9273391988,15173.699994276,18277.7838122677,23825.9446356293,20075.3412663388,18560.0094362961,19308.3457415003,28278.6617508049,18522.092814989,23727.5659529372,23180.9291033948,21526.8372001757,19737.6632209702,23408.7144588799,20761.4082527918,19065.1921656145,22392.6468941434,18872.6230104367,20476.211973779,19905.6016194933,20492.4156661965,20752.5645898415,20858.8945630905
"CH-LF-13",3748.202151184,794.601628393393,2351.58791872079,3939.53190756704,5194.31809691681,5232.18531882261,7877.22906883837,7218.93685791341,3201.30276685727,4212.52683490056,12356.0022573725,12228.3634960672,455.143145521539,4906.80503807116,6427.81359300476,0,7461.13833823149,7926.33280093523,8103.1665705177,8723.2523159534,8515.42200905865,3006.58336758068,2965.65401795944,6209.57827374626,6212.11280796913,4256.23428578514,4747.47962037446,6229.01647649321,6342.61001794868,7032.23403988192,8052.31619416087,8171.24498184516,8358.26056072747,8166.00118667444,13707.1053636466,12509.8769944045,12687.1110811176,11837.2667549911,11922.5525435781,8454.14913513076,11124.8956387427,2069.4117107209,7858.97153579264,12984.9666039622,11545.1221146912,11362.6861670959,7977.51317857675,7041.23007726507,6918.49843187403,5939.77586314149,6324.73056104639,5404.18342548719,5847.77401834771,6181.07840946342,3409.55339021747,17717.8272015274,9290.6958092326,12128.9280668905,17483.8444979579,13786.387297573,12540.9349690534,12966.245603829,21936.5616131336,14465.1951489701,17385.4658152658,16838.8289657234,15184.7370625043,15087.586630437,18101.2866566499,16515.8539353564,14893.0382377883,17775.8633849723,14574.5761065971,16034.5310832293,15564.5393055966,14150.4374314019,14410.4644521701,14516.7944254191
"CH-LF-26",3615.83445060851,7154.87197914537,7640.0561520678,11168.1582350106,9150.58500877178,10777.078930226,13671.9450939534,12644.5664356717,10066.3406040519,9849.53677893578,16579.6675219926,15891.5754362549,7869.99682248714,10915.8953245893,6857.54786688534,7461.13833823149,0,1653.79767210533,4634.81998721188,4665.59185848965,15011.7617652514,8470.96834158964,8105.72703284238,10445.0321820767,9983.20427563376,3249.20466491036,3833.38902487755,5055.50461152699,1872.71610670056,493.130143909129,594.296910463356,1002.19571291862,1365.81292929309,4310.21937265445,9999.24993376527,8232.56465124262,8727.29258262271,7324.28870170941,6507.86630795871,14696.6677931038,5167.02977296551,7840.99855443325,8625.66574831381,8823.57308981449,6070.1593968778,5465.7021124697,1165.16615932253,3619.89280709125,13467.5634073197,3876.18069376674,2504.87177992471,3949.3883164328,1976.05885516642,12681.3445336867,4060.62322291263,21855.3310275473,15283.4830487485,17172.3020473158,21621.3483239778,18305.8703885924,17663.8851936396,17073.9820851802,25552.768991979,21003.1071296125,21540.5411944652,20993.9043449228,18916.6266816734,21468.9334929618,24103.7805343437,23053.7659159988,21430.9502184307,24156.057050764,21112.4880872395,22532.1389358971,22086.857408471,17778.1944040782,18089.6820026143,18148.3170814845
"CH-LF-30",3943.50515970822,7884.16041711985,8492.90355712477,11865.0372187715,10357.081121689,11651.2981524231,14548.3162638697,13647.8435357446,10221.9987462101,9783.56991474573,17865.6890014517,17274.1761594992,8355.37791527967,10861.1715501721,5822.96683147019,7926.33280093523,1653.79767210533,0,3270.11993195789,3140.98336638287,15273.8535538828,8710.35472644603,8345.11341769877,9794.68267235889,9258.93877243642,3350.67416507753,3567.87241391104,4187.58224077505,3445.19429306817,1278.54132487923,1800.1994145174,1007.13732229139,761.664075898533,2900.99274767257,8392.25991726058,6581.86230318498,7118.21658369085,5673.58635365177,4871.66456192456,15458.089680218,3618.4295991644,8679.54165050338,10120.3261224347,7172.87074175685,4454.78269330853,3890.38785240886,525.507091372729,2374.1327052896,13808.0548376428,3053.16090317698,1773.28049337998,3288.7432816246,1881.70729960858,12943.4363223181,4348.10708797,23042.310321568,16179.2291589457,18210.3149832286,22808.3276179985,19492.8496826131,18626.1572342498,18260.9613792009,26846.2212108114,21403.0168416915,22727.5204884859,22180.8836389435,20125.3405236905,22230.355380076,24998.1280696911,23454.4849682883,21830.8599305098,24917.4789378782,21513.2071395291,23066.105919012,22504.1958900712,19058.7162292635,19326.2756703046,19428.1272783076
"CH-LF-34",4806.59518787445,8326.84576582409,9422.49774149305,12002.3124371924,11824.0524853501,12801.1201799079,15718.3143138688,14846.3240917615,9981.99309049304,8653.29764174587,19518.8981502933,18946.615615469,8530.54108586402,9764.59928459411,3424.03714188903,8103.1665705177,4634.81998721188,3270.11993195789,0,728.546914793605,14976.5777882253,8284.99670528613,7911.29644388254,7693.94465081758,7158.20075089511,3707.13959040327,3359.86767441953,2245.43259932177,6034.99718295992,4014.901149903,4874.05591848928,4138.58916270507,3856.33323479745,319.623917191803,5872.43516429177,4449.85712212066,4670.32768512266,3766.2939939776,3977.55883140999,15551.1221780349,3801.613147089,9416.82868779056,12229.9216785134,4926.80357253212,3816.18340321864,3923.52925690571,3659.56403025886,928.437036769985,13744.5448571101,1790.95639410013,2206.82340001956,2494.31929345963,3240.85734755502,12717.6941354527,4547.10588338552,24254.3058733963,16716.1618351864,19190.4492783317,24020.3231698269,20671.0961381715,19605.6198389302,19475.4069410725,28302.1473892557,21339.5068611588,23932.2651173625,23385.6282678201,21559.3036489129,22167.609694773,25234.896938877,23390.9749877556,21767.3499499771,24856.4320913105,21449.6971589964,23002.5959384793,22440.6859095385,20514.4668883196,20779.8885393051,20883.8779373637
"CH-LF-35",5285.78848816073,8925.196131458,9975.76073041782,12623.8669701009,12329.5201923065,13354.3831688327,16271.5773027935,15399.5870806862,10642.327759401,9377.631326408,20013.442546077,19440.5496350986,9151.71247169943,10488.045131414,4147.26155913427,8723.2523159534,4665.59185848965,3140.98336638287,728.546914793605,0,15512.6699218873,8825.65076091773,8451.95049951414,8250.60806406745,7714.86416414498,4134.71204213955,3812.15503312188,2822.53800159643,6128.20134731848,4082.53721205436,4771.56663669121,3941.24179728293,3638.09414846855,394.591332882456,5482.55297772869,3906.7619994536,4272.34188982331,3203.48729113033,3325.46893601861,16065.5167722187,3092.47557247802,9860.02669206721,12491.9890275035,4448.76320627722,3092.70222685597,3203.48533562496,3515.21993134727,1283.98022559288,14258.9394512939,2310.46451444239,2490.64343521719,2977.47048537478,3488.02121484051,13253.7862691147,4996.23110789956,24697.266463511,17207.4354540687,19633.4436298582,24463.2837599415,21114.0567282862,20048.6141904567,19909.0094419436,28696.0708268793,21853.9014553426,24375.2257074771,23828.5888579347,21953.2270865365,22682.0042889568,25749.2915330608,23905.3695819394,22281.7445441609,25370.8266854943,21964.0917531802,23516.990532663,22955.0805037223,20908.3903259431,21173.8119769286,21277.8013749872
"CH-LF-3",11952.6925517215,8882.36661723855,9272.65005906536,5415.79035969814,10400.9526419459,8801.00583178005,8954.76938028124,9141.77493029987,5872.92628328713,7097.23612373111,14288.7976832751,14720.8092248599,8033.55206721319,6265.30175770504,11993.4107653161,8515.42200905865,15011.7617652514,15273.8535538828,14976.5777882253,15512.6699218873,0,6742.19009940488,7248.34141061659,8529.06271336844,9114.29698372358,12165.3577124096,12402.2853344282,13236.0644491995,14558.7808281134,15208.0043071135,16280.653430324,16284.7381432283,16399.3166887237,15724.4232357793,19684.1870726816,19186.2814939541,19043.4546758542,18725.1073447463,19266.788011303,3282.57262779621,18806.2735989561,7337.5726466888,13816.5606657161,19478.2106401123,19208.2108436855,19038.8552538406,15996.7784154463,14653.442120623,1760.37449917613,13478.1208636632,14118.2000369431,12950.4185956376,13821.1423851187,1912.16557453819,11333.0105815537,16486.4678079552,6747.15717297908,10743.2244472545,16497.4093497406,12749.6821902339,10548.6614462492,12867.0910737755,22012.4739775838,6548.97315709948,16243.0553989271,15921.3310732104,15335.6617940108,8135.59102363017,12796.5645780617,8788.28859490225,7092.07250772501,10783.0955350419,6947.51372668626,8841.55233679095,8097.032876452,14952.3220007641,14844.7385206439,15170.3344714816
"CH-LF-7",5415.46283469957,3796.23775175174,5254.47199478378,4322.44677271825,7798.19983069508,7468.65819562962,9517.11544054177,9133.85509818247,1239.51846645979,1215.99900463472,14794.6418769918,14671.351835507,2839.78072991369,1922.45330746237,5427.83293729889,3006.58336758068,8470.96834158964,8710.35472644603,8284.99670528613,8825.65076091773,6742.19009940488,0,506.151311211712,3374.63803192515,3646.37776004808,5592.50223123453,5780.28868527872,6540.93109284422,8608.47206838411,8648.40295204563,9727.52805424505,9724.20496492401,9837.55872448417,9096.12542586545,13314.8054631685,12816.899884441,12674.0730663411,12355.7257352332,12740.3675387534,7890.22571145096,12183.5278243251,4214.59893746137,10796.3245460422,13108.8290305992,12579.9130337716,12413.0347244672,9434.90235476251,8025.14431070914,5936.15295859002,6849.8230537493,7512.35618257704,6322.12078572371,7260.23470364852,4715.46633601573,4770.1108052013,19249.6814629282,9915.18618185455,13451.1785376099,19015.6987593587,15253.9387242744,13601.7495309832,14720.7089877685,23872.3210938361,13336.1851188786,18917.3200766666,18370.6832271242,17114.9261818346,14504.5951307442,18030.1739699588,15575.5005566814,13879.2844695042,17180.8592558059,13660.8353720991,15264.4243354415,14693.8139811557,16275.7881690389,16353.6632795711,16599.2674328083
"CH-LF-8",5059.08823965853,3749.26305665658,5246.19467241873,4659.33926580282,7833.48662321895,7639.39923102552,9796.36105298204,9307.76330949326,1744.82372948774,1363.02289173044,14965.7012945164,14841.86073211,2825.60094844383,2225.89610873712,5183.20469526786,2965.65401795944,8105.72703284238,8345.11341769877,7911.29644388254,8451.95049951414,7248.34141061659,506.151311211712,0,3285.3907606131,3471.06077450981,5153.84498894924,5307.96426832957,6057.96306771849,8176.95772695506,8213.98753124094,9293.25606773536,9289.68046458807,9398.90148219887,8610.60511899921,12941.2738311851,12369.607154795,12228.2255115301,11905.9006039145,12257.3995136277,8290.61442435377,11704.1944270161,4262.63432670417,10673.1592896746,12662.7408217501,12094.3927269054,11927.5144176009,8996.24511247721,7539.62400384291,6336.80909636414,6364.30274688307,7041.75895141254,5836.60047885748,6822.39645799784,5116.66199350897,4335.83881869161,19414.8607214952,10234.7721506474,13622.1951107766,19180.8780179257,15421.7907921891,13842.4114393504,14873.784212115,23964.3464490477,13737.3807763719,19082.4993352336,18535.8624856912,17206.9515370463,14905.0025443186,18368.0646996134,15976.6962141746,14280.4801269974,17581.6954195502,14061.902026906,15665.2604991858,15094.6501449,16367.1493566035,16445.6734204501,16690.6286203728
"CH-LF-10",7546.10492188208,6992.12264854817,8490.29917891487,7392.72950720996,11118.877383832,10842.0224698913,12857.4306040093,12507.2193724441,4252.02703178202,2002.79606768227,18168.0061512534,18044.7161097687,6087.96980407145,2327.86280714115,4336.83259039643,6209.57827374626,10445.0321820767,9794.68267235889,7693.94465081758,8250.60806406745,8529.06271336844,3374.63803192515,3285.3907606131,0,751.900232371898,7129.17401239646,6991.75034930752,5689.95279487732,10499.3079005416,10150.5225415259,11243.5196421932,10720.9448064106,10609.9014494011,8194.74513655188,11485.2935793705,11065.3232851133,10847.1490365458,10717.0168899313,11395.2539243136,10208.7855600277,11726.15215936,7127.44969559929,13605.4029600922,11283.3522785959,11477.2680538571,11848.390266133,10265.7583268943,7553.52390635302,7945.36227292238,6643.33621631404,7998.24623271229,6683.28041330851,8603.03571625473,6528.84832941131,6508.04138476039,21913.323067045,12527.5232862271,16110.7392840426,21679.3403634755,17914.2151376443,16260.824460765,17480.0408264614,26761.5202999704,14927.3146851929,21580.9616807834,21034.324831241,19963.228890655,16349.626755458,20404.2574441555,17202.4665888427,15471.6432992199,19001.8498283442,15361.6917206267,17085.4149079798,16449.7706788139,19186.5858364977,19264.4609470298,19510.065100267
"CH-LF-11",7119.74351531279,6960.55078627921,8528.76167539727,7770.41485294253,11289.0341243852,11103.773334719,13161.0773972893,12769.066190593,4582.17524436885,2324.16311842493,18429.7570160811,18306.4669745963,6164.550232982,2840.66416121782,3801.08869047396,6212.11280796913,9983.20427563376,9258.93877243642,7158.20075089511,7714.86416414498,9114.29698372358,3646.37776004808,3471.06077450981,751.900232371898,0,6519.98200089229,6304.10704474512,4942.17590824797,9901.19032066168,9408.23123577977,10495.7427555638,9973.16791978127,9862.12456277173,7446.96824992253,10817.1031886977,10321.6762191863,10177.678195827,9967.36736255453,10647.4770376843,10427.8762056031,10978.3752727306,7243.89471225902,13384.3890064534,10613.1663685731,10729.4911672277,11100.6133795037,9517.98144026495,6805.74701972367,8172.75085656646,5895.55932968469,7250.46934608294,5935.50352667916,7855.25882962538,6794.98275325195,5908.08344262075,22070.1589061419,12684.359125324,16267.5751231396,21836.1762025724,18071.0509767412,16417.660299862,17636.8766655584,26918.3561390673,15282.1824299416,21737.7975198803,21191.1606703379,20120.0647297519,16615.7611792987,20622.3007243952,17521.4978677444,15825.2817805671,19267.9842521848,15658.0490417168,17351.5493318204,16718.8267604535,19343.4216755946,19421.2967861268,19666.900939364
"CH-LF-17",730.971643217991,4410.70723680661,5277.59107139534,8194.93870362145,7697.93702094379,8656.21350981025,11573.4076437711,10701.4174216638,6538.58117567586,6233.99135283253,15392.782685887,14820.5001510627,4685.27940012958,7310.26680024314,4191.49943542955,4256.23428578514,3249.20466491036,3350.67416507753,3707.13959040327,4134.71204213955,12165.3577124096,5592.50223123453,5153.84498894924,7129.17401239646,6519.98200089229,0,959.599128489953,2912.84908020792,3563.81420852077,3071.70650709848,4226.15205767632,4145.05323094733,4256.43242600232,4141.72813249961,9999.61002960137,8595.61282867375,8802.17167609626,7902.91019168849,7688.27545857335,12301.3945273508,6880.53478590191,5727.12163615784,8758.52059646355,9075.58426506206,7309.61715430836,7121.07488806976,3853.77605628066,2979.3442030209,10494.817206426,2132.62351048316,2072.46054676912,1652.03596040566,1675.37779642736,9630.19869110123,1001.72800110358,20564.3614076016,13226.8091446002,15500.5385739488,20330.3787040321,16981.1516723768,15915.7091345473,15785.4624752778,24615.3676477603,18089.7792104747,20242.3206515678,19695.6838020254,17872.5239074175,18917.8820440889,21985.1692881929,20141.2473370715,18517.622299293,21606.7044406264,18199.9695083123,19752.8682877951,19190.9582588544,16827.6871468241,17093.1087978096,17197.0981958682
"CH-LF-18",1687.8661185237,4937.00755143255,6055.14105997204,8648.76607070385,8565.79173169307,9433.76349838694,12350.9576323478,11478.9674102405,6764.73323491129,6201.61184799929,16260.6373966362,15688.354861812,5175.93977612049,7279.21348342565,3523.38476613367,4747.47962037446,3833.38902487755,3567.87241391104,3359.86767441953,3812.15503312188,12402.2853344282,5780.28868527872,5307.96426832957,6991.75034930752,6304.10704474512,959.599128489953,0,1966.31776187487,4188.08073960308,3363.76844162309,4522.65917304821,4226.26827565587,4264.96227399515,3450.4510900521,9166.27835612699,7892.96372688344,8074.78967401406,7209.79131265786,7231.27993523027,12341.0462261051,6440.88032344993,6060.20538706928,9394.99548573146,8369.91017729489,6853.84950634336,6677.74425762025,3862.43301217233,2300.31647320378,10534.4689051803,1311.40604230199,1767.00349062769,779.639669715496,1801.13550373083,9566.41066663133,1196.44286346,20990.4868306184,13435.4221950788,15926.6302355538,20756.504127049,17407.2770953936,16341.8007961523,16211.5878982946,25122.2263986676,18129.430909229,20668.4460745846,20121.8092250422,18376.6489088605,18957.5337428431,22024.8209869472,20180.8990358258,18557.2739980472,21646.3561393806,18239.6212070665,19792.5199865494,19230.6099576086,17334.5319859683,17599.5523266517,17703.9430350124
"CH-LF-21",3642.3798808621,6522.84868885366,7907.81072914924,10010.8921655872,10439.7011552381,11214.1911427068,14035.1371261903,13206.4865703049,7780.2764555287,6235.05021936318,18134.5468201813,17562.2642853571,6602.85562596437,7396.09587880886,1617.26839012758,6229.01647649321,5055.50461152699,4187.58224077505,2245.43259932177,2822.53800159643,13236.0644491995,6540.93109284422,6057.96306771849,5689.95279487732,4942.17590824797,2912.84908020792,1966.31776187487,0,5955.35178495236,4561.9461886696,5618.68052808381,5094.88516007384,4955.68732412869,2663.84698280934,7659.93259016928,6542.41482484094,6661.01375970386,6071.65272050223,6396.75125638847,13755.3204543555,6189.26088520044,7755.20453329989,11412.2172347077,6971.7983194758,6213.7411220415,6317.30795485124,4638.72775924871,1893.01156250994,11930.5933428304,995.475911973113,2373.85812379311,1322.49481674269,3209.70621457756,10788.10028866,3185.27686245941,23049.6297411399,14934.0893849688,17814.7208894695,22815.6470375704,19466.4200059151,18221.5824382607,18270.730808816,27184.467730465,19440.4645434619,22727.588985106,22180.9521355636,20438.8902406578,20371.8079710936,23439.0952151976,21591.1687498725,19961.6402936977,23060.6303676311,19653.8954353169,21206.7942147998,20644.884185859,19396.7733177657,19661.793658449,19766.1843668098
"CH-LF-22",3168.33639557074,6031.0490992721,6064.59714931031,10039.0134047481,7499.76397016359,9155.4687869323,12050.3349506597,11022.6815419412,9328.04810334694,9402.38765498191,14805.4225948882,14117.3305091505,6749.74314036749,10395.3046538234,7559.28160535936,6342.61001794868,1872.71610670056,3445.19429306817,6034.99718295992,6128.20134731848,14558.7808281134,8608.47206838411,8176.95772695506,10499.3079005416,9901.19032066168,3563.81420852077,4188.08073960308,5955.35178495236,0,1941.93161875468,2247.4321279163,2808.27631534259,3162.96610658419,5718.72992920079,11486.9735358033,9833.58347474954,10248.8444084222,8975.01256427949,8198.13925821595,13470.3544437629,6940.70518528748,6470.6312386429,6753.2587162153,10402.8845566822,7781.25738959991,7216.86254870024,2940.13707668909,4752.36724249121,12259.1674572855,4639.47838917423,3415.83782548425,4395.97045251706,2520.92797222198,11528.6358821124,3583.25113663805,20137.9323654612,13621.3690008599,15454.9033852297,19903.9496618918,16588.4717265063,15980.5339241393,15356.5834230941,23749.6824582598,19794.7111795783,19823.1425323791,19276.5056828367,17197.0308092642,20242.6201436209,22453.7732750592,21845.3699659646,20222.5542683966,22929.7437014231,19904.0921372053,21323.7429858629,20878.4614584368,16020.8756854506,16359.3817131994,16390.998362857
